--- Captured Sample ---
q_arm = [-0.764 -1.242  0.077 -2.     0.483 -0.923  0.753 -0.764  1.243 -0.077
 -2.    -0.483 -0.923 -0.753]
q_head = [-0.    -0.044]
marker_right =
[[ 0.107  0.994  0.015  0.154]
 [-0.994  0.107  0.022  0.051]
 [ 0.02  -0.017  1.     0.185]
 [ 0.     0.     0.     1.   ]]
marker_left =
[[-0.012 -0.997  0.076 -0.138]
 [ 0.996 -0.005  0.095  0.06 ]
 [-0.094  0.077  0.993  0.166]
 [ 0.     0.     0.     1.   ]]

--- Captured Sample ---
q_arm = [-0.808 -1.242  0.077 -2.     0.483 -0.923  0.753 -0.808  1.243 -0.077
 -2.    -0.483 -0.923 -0.753]
q_head = [-0.   -0.09]
marker_right =
[[ 0.108  0.994 -0.     0.151]
 [-0.994  0.108  0.027  0.051]
 [ 0.026 -0.003  1.     0.179]
 [ 0.     0.     0.     1.   ]]
marker_left =
[[-0.013 -0.996  0.091 -0.135]
 [ 0.995 -0.003  0.099  0.06 ]
 [-0.098  0.092  0.991  0.16 ]
 [ 0.     0.     0.     1.   ]]

--- Captured Sample ---
q_arm = [-0.677 -1.242  0.077 -2.     0.483 -0.923  0.753 -0.677  1.243 -0.077
 -2.    -0.483 -0.923 -0.753]
q_head = [-0.     0.043]
marker_right =
[[ 0.107  0.993  0.045  0.162]
 [-0.994  0.107  0.017  0.052]
 [ 0.012 -0.046  0.999  0.197]
 [ 0.     0.     0.     1.   ]]
marker_left =
[[-0.009 -0.999  0.047 -0.145]
 [ 0.996 -0.005  0.09   0.061]
 [-0.089  0.047  0.995  0.178]
 [ 0.     0.     0.     1.   ]]

--- Captured Sample ---
q_arm = [-0.633 -1.242  0.077 -2.     0.483 -0.923  0.753 -0.633  1.243 -0.077
 -2.    -0.483 -0.923 -0.753]
q_head = [-0.     0.087]
marker_right =
[[ 0.108  0.992  0.06   0.166]
 [-0.994  0.108  0.014  0.052]
 [ 0.008 -0.061  0.998  0.203]
 [ 0.     0.     0.     1.   ]]
marker_left =
[[-0.007 -0.999  0.032 -0.149]
 [ 0.996 -0.004  0.087  0.061]
 [-0.087  0.032  0.996  0.184]
 [ 0.     0.     0.     1.   ]]

--- Captured Sample ---
q_arm = [-0.72  -1.286  0.077 -2.     0.483 -0.923  0.753 -0.72   1.199 -0.077
 -2.    -0.483 -0.923 -0.753]
q_head = [-0.     0.001]
marker_right =
[[ 0.074  0.996  0.057  0.161]
 [-0.997  0.074  0.007  0.051]
 [ 0.002 -0.057  0.998  0.192]
 [ 0.     0.     0.     1.   ]]
marker_left =
[[ 0.019 -0.996  0.092 -0.139]
 [ 0.995  0.028  0.098  0.06 ]
 [-0.1    0.089  0.991  0.171]
 [ 0.     0.     0.     1.   ]]

--- Captured Sample ---
q_arm = [-0.72  -1.33   0.077 -2.     0.483 -0.923  0.753 -0.72   1.155 -0.077
 -2.    -0.483 -0.923 -0.753]
q_head = [-0.  0.]
marker_right =
[[ 0.041  0.996  0.084  0.164]
 [-0.999  0.042 -0.005  0.051]
 [-0.008 -0.083  0.996  0.192]
 [ 0.     0.     0.     1.   ]]
marker_left =
[[ 0.048 -0.991  0.122 -0.136]
 [ 0.993  0.061  0.105  0.06 ]
 [-0.111  0.116  0.987  0.171]
 [ 0.     0.     0.     1.   ]]

--- Captured Sample ---
q_arm = [-0.72  -1.199  0.077 -2.     0.483 -0.923  0.753 -0.72   1.286 -0.077
 -2.    -0.483 -0.923 -0.753]
q_head = [-0.  0.]
marker_right =
[[ 0.139  0.99   0.002  0.155]
 [-0.99   0.139  0.029  0.052]
 [ 0.028 -0.006  1.     0.191]
 [ 0.     0.     0.     1.   ]]
marker_left =
[[-0.041 -0.999  0.032 -0.144]
 [ 0.996 -0.038  0.083  0.06 ]
 [-0.082  0.035  0.996  0.173]
 [ 0.     0.     0.     1.   ]]

--- Captured Sample ---
q_arm = [-0.72  -1.155  0.077 -2.     0.483 -0.923  0.753 -0.72   1.33  -0.077
 -2.    -0.483 -0.923 -0.753]
q_head = [-0.  0.]
marker_right =
[[ 0.171  0.985 -0.026  0.153]
 [-0.984  0.172  0.038  0.052]
 [ 0.042  0.019  0.999  0.19 ]
 [ 0.     0.     0.     1.   ]]
marker_left =
[[-0.072 -0.997  0.002 -0.147]
 [ 0.995 -0.071  0.074  0.06 ]
 [-0.073  0.007  0.997  0.174]
 [ 0.     0.     0.     1.   ]]

--- Captured Sample ---
q_arm = [-0.72  -1.242  0.077 -2.     0.439 -0.923  0.753 -0.72   1.242 -0.077
 -2.    -0.526 -0.923 -0.753]
q_head = [-0.  0.]
marker_right =
[[ 0.13   0.991  0.004  0.16 ]
 [-0.991  0.13   0.045  0.046]
 [ 0.044 -0.01   0.999  0.188]
 [ 0.     0.     0.     1.   ]]
marker_left =
[[-0.033 -0.999  0.034 -0.14 ]
 [ 0.997 -0.031  0.067  0.066]
 [-0.065  0.036  0.997  0.177]
 [ 0.     0.     0.     1.   ]]

--- Captured Sample ---
q_arm = [-0.72  -1.242  0.077 -2.     0.396 -0.923  0.753 -0.72   1.243 -0.077
 -2.    -0.57  -0.923 -0.753]
q_head = [-0.  0.]
marker_right =
[[ 0.153  0.988 -0.023  0.162]
 [-0.986  0.154  0.071  0.041]
 [ 0.074  0.012  0.997  0.184]
 [ 0.     0.     0.     1.   ]]
marker_left =
[[-0.056 -0.998  0.008 -0.139]
 [ 0.998 -0.055  0.041  0.072]
 [-0.04   0.01   0.999  0.181]
 [ 0.     0.     0.     1.   ]]

--- Captured Sample ---
q_arm = [-0.72  -1.242  0.077 -2.     0.526 -0.923  0.753 -0.72   1.243 -0.077
 -2.    -0.439 -0.923 -0.753]
q_head = [-0.  0.]
marker_right =
[[ 0.083  0.995  0.055  0.157]
 [-0.996  0.083 -0.009  0.057]
 [-0.013 -0.054  0.998  0.195]
 [ 0.     0.     0.     1.   ]]
marker_left =
[[ 0.01  -0.996  0.089 -0.143]
 [ 0.993  0.02   0.115  0.054]
 [-0.117  0.087  0.989  0.168]
 [ 0.     0.     0.     1.   ]]

--- Captured Sample ---
q_arm = [-0.72  -1.242  0.077 -2.     0.57  -0.923  0.753 -0.72   1.243 -0.077
 -2.    -0.396 -0.923 -0.753]
q_head = [-0.  0.]
marker_right =
[[ 0.058  0.995  0.08   0.155]
 [-0.997  0.061 -0.036  0.062]
 [-0.041 -0.077  0.996  0.199]
 [ 0.     0.     0.     1.   ]]
marker_left =
[[ 0.031 -0.993  0.117 -0.146]
 [ 0.989  0.047  0.139  0.049]
 [-0.143  0.112  0.983  0.164]
 [ 0.     0.     0.     1.   ]]

--- Captured Sample ---
q_arm = [-0.72  -1.242  0.077 -2.     0.483 -0.923  0.753 -0.72   1.243 -0.077
 -2.    -0.483 -0.923 -0.753]
q_head = [-0.  0.]
marker_right =
[[ 0.107  0.994  0.03   0.158]
 [-0.994  0.106  0.019  0.052]
 [ 0.015 -0.032  0.999  0.191]
 [ 0.     0.     0.     1.   ]]
marker_left =
[[-0.011 -0.998  0.062 -0.142]
 [ 0.996 -0.005  0.091  0.06 ]
 [-0.091  0.062  0.994  0.172]
 [ 0.     0.     0.     1.   ]]

--- Captured Sample ---
q_arm = [-0.738 -1.22   0.084 -1.976  0.467 -0.969  0.766 -0.703  1.266 -0.07
 -2.023 -0.499 -0.876 -0.739]
q_head = [-0.  0.]
marker_right =
[[ 0.107  0.994 -0.014  0.16 ]
 [-0.994  0.107  0.016  0.052]
 [ 0.018  0.012  1.     0.189]
 [ 0.     0.     0.     1.   ]]
marker_left =
[[-0.008 -1.     0.017 -0.139]
 [ 0.996 -0.007  0.093  0.06 ]
 [-0.092  0.017  0.996  0.175]
 [ 0.     0.     0.     1.   ]]

--- Captured Sample ---
q_arm = [-0.755 -1.199  0.092 -1.953  0.45  -1.015  0.778 -0.686  1.291 -0.064
 -2.047 -0.516 -0.828 -0.723]
q_head = [-0.  0.]
marker_right =
[[ 0.107  0.993 -0.058  0.162]
 [-0.994  0.108  0.014  0.052]
 [ 0.021  0.056  0.998  0.187]
 [ 0.     0.     0.     1.   ]]
marker_left =
[[-0.005 -1.    -0.028 -0.137]
 [ 0.996 -0.008  0.094  0.06 ]
 [-0.094 -0.028  0.995  0.177]
 [ 0.     0.     0.     1.   ]]

--- Captured Sample ---
q_arm = [-0.703 -1.266  0.07  -2.023  0.499 -0.876  0.739 -0.738  1.22  -0.084
 -1.976 -0.467 -0.969 -0.766]
q_head = [-0.  0.]
marker_right =
[[ 0.107  0.992  0.074  0.157]
 [-0.994  0.106  0.02   0.051]
 [ 0.012 -0.075  0.997  0.193]
 [ 0.     0.     0.     1.   ]]
marker_left =
[[-0.014 -0.994  0.106 -0.144]
 [ 0.996 -0.004  0.09   0.06 ]
 [-0.089  0.107  0.99   0.17 ]
 [ 0.     0.     0.     1.   ]]

--- Captured Sample ---
q_arm = [-0.686 -1.29   0.064 -2.047  0.516 -0.829  0.723 -0.755  1.199 -0.092
 -1.953 -0.451 -1.015 -0.778]
q_head = [-0.  0.]
marker_right =
[[ 0.107  0.987  0.117  0.155]
 [-0.994  0.105  0.022  0.051]
 [ 0.01  -0.119  0.993  0.196]
 [ 0.     0.     0.     1.   ]]
marker_left =
[[-0.017 -0.988  0.151 -0.147]
 [ 0.996 -0.003  0.089  0.06 ]
 [-0.087  0.151  0.985  0.168]
 [ 0.     0.     0.     1.   ]]

--- Captured Sample ---
q_arm = [-0.743 -1.265  0.096 -1.99   0.493 -0.948  0.741 -0.743  1.264 -0.095
 -1.99  -0.494 -0.948 -0.74 ]
q_head = [-0.  0.]
marker_right =
[[ 0.064  0.998  0.027  0.158]
 [-0.998  0.063  0.016  0.054]
 [ 0.014 -0.028  0.999  0.191]
 [ 0.     0.     0.     1.   ]]
marker_left =
[[-0.055 -0.997  0.058 -0.142]
 [ 0.994 -0.05   0.093  0.063]
 [-0.09   0.063  0.994  0.172]
 [ 0.     0.     0.     1.   ]]

--- Captured Sample ---
q_arm = [-0.767 -1.285  0.115 -1.981  0.504 -0.974  0.729 -0.767  1.284 -0.114
 -1.981 -0.505 -0.974 -0.727]
q_head = [-0.  0.]
marker_right =
[[ 0.02   0.999  0.025  0.157]
 [-1.     0.02   0.014  0.056]
 [ 0.013 -0.025  1.     0.191]
 [ 0.     0.     0.     1.   ]]
marker_left =
[[-0.099 -0.994  0.055 -0.142]
 [ 0.991 -0.094  0.094  0.065]
 [-0.089  0.064  0.994  0.172]
 [ 0.     0.     0.     1.   ]]

--- Captured Sample ---
q_arm = [-0.699 -1.22   0.06  -2.009  0.472 -0.898  0.766 -0.699  1.219 -0.06
 -2.009 -0.473 -0.899 -0.765]
q_head = [-0.  0.]
marker_right =
[[ 0.15   0.988  0.032  0.159]
 [-0.989  0.149  0.021  0.05 ]
 [ 0.016 -0.035  0.999  0.192]
 [ 0.     0.     0.     1.   ]]
marker_left =
[[ 0.033 -0.997  0.065 -0.142]
 [ 0.995  0.039  0.089  0.058]
 [-0.092  0.062  0.994  0.172]
 [ 0.     0.     0.     1.   ]]

--- Captured Sample ---
q_arm = [-0.68  -1.195  0.045 -2.019  0.463 -0.874  0.779 -0.68   1.195 -0.044
 -2.019 -0.464 -0.875 -0.777]
q_head = [-0.  0.]
marker_right =
[[ 0.192  0.981  0.034  0.16 ]
 [-0.981  0.191  0.024  0.048]
 [ 0.017 -0.038  0.999  0.192]
 [ 0.     0.     0.     1.   ]]
marker_left =
[[ 0.077 -0.995  0.068 -0.142]
 [ 0.993  0.083  0.088  0.056]
 [-0.093  0.061  0.994  0.172]
 [ 0.     0.     0.     1.   ]]

--- Captured Sample ---
q_arm = [-0.722 -1.254  0.086 -2.     0.467 -0.917  0.723 -0.719  1.233 -0.069
 -2.    -0.496 -0.928 -0.785]
q_head = [-0.  0.]
marker_right =
[[ 0.107  0.994  0.026  0.159]
 [-0.992  0.106  0.062  0.049]
 [ 0.059 -0.033  0.998  0.192]
 [ 0.     0.     0.     1.   ]]
marker_left =
[[-0.009 -0.998  0.062 -0.142]
 [ 0.999 -0.006  0.048  0.063]
 [-0.047  0.062  0.997  0.172]
 [ 0.     0.     0.     1.   ]]

--- Captured Sample ---
q_arm = [-0.723 -1.264  0.095 -2.     0.454 -0.913  0.692 -0.718  1.222 -0.061
 -2.    -0.509 -0.933 -0.817]
q_head = [-0.  0.]
marker_right =
[[ 0.108  0.994  0.023  0.159]
 [-0.989  0.105  0.105  0.047]
 [ 0.102 -0.034  0.994  0.192]
 [ 0.     0.     0.     1.   ]]
marker_left =
[[-0.007 -0.998  0.062 -0.142]
 [ 1.    -0.007  0.004  0.065]
 [-0.004  0.062  0.998  0.172]
 [ 0.     0.     0.     1.   ]]

--- Captured Sample ---
q_arm = [-0.719 -1.234  0.07  -2.     0.494 -0.928  0.786 -0.722  1.253 -0.085
 -2.    -0.469 -0.918 -0.722]
q_head = [-0.  0.]
marker_right =
[[ 0.106  0.994  0.033  0.158]
 [-0.994  0.107 -0.025  0.054]
 [-0.028 -0.031  0.999  0.191]
 [ 0.     0.     0.     1.   ]]
marker_left =
[[-0.013 -0.998  0.061 -0.142]
 [ 0.991 -0.005  0.135  0.058]
 [-0.134  0.062  0.989  0.172]
 [ 0.     0.     0.     1.   ]]

--- Captured Sample ---
q_arm = [-0.718 -1.223  0.062 -2.     0.508 -0.933  0.818 -0.723  1.263 -0.094
 -2.    -0.455 -0.913 -0.69 ]
q_head = [-0.  0.]
marker_right =
[[ 0.105  0.994  0.037  0.158]
 [-0.992  0.107 -0.068  0.056]
 [-0.072 -0.029  0.997  0.191]
 [ 0.     0.     0.     1.   ]]
marker_left =
[[-0.015 -0.998  0.061 -0.142]
 [ 0.984 -0.004  0.178  0.055]
 [-0.177  0.062  0.982  0.173]
 [ 0.     0.     0.     1.   ]]

--- Captured Sample ---
q_arm = [-0.678 -1.254  0.032 -1.976  0.456 -0.972  0.774 -0.766  1.231 -0.126
 -2.021 -0.509 -0.874 -0.732]
q_head = [-0.053  0.   ]
marker_right =
[[ 0.107  0.994 -0.021  0.161]
 [-0.994  0.108  0.017  0.052]
 [ 0.02   0.019  1.     0.2  ]
 [ 0.     0.     0.     1.   ]]
marker_left =
[[-0.009 -1.     0.008 -0.138]
 [ 0.996 -0.008  0.092  0.06 ]
 [-0.092  0.009  0.996  0.165]
 [ 0.     0.     0.     1.   ]]

--- Captured Sample ---
q_arm = [-0.638 -1.264 -0.012 -1.948  0.433 -1.022  0.792 -0.813  1.218 -0.177
 -2.039 -0.539 -0.826 -0.71 ]
q_head = [-0.107  0.   ]
marker_right =
[[ 0.107  0.992 -0.072  0.163]
 [-0.994  0.109  0.016  0.052]
 [ 0.024  0.07   0.997  0.21 ]
 [ 0.     0.     0.     1.   ]]
marker_left =
[[-0.007 -0.999 -0.046 -0.133]
 [ 0.996 -0.011  0.093  0.061]
 [-0.094 -0.045  0.995  0.158]
 [ 0.     0.     0.     1.   ]]

--- Captured Sample ---
q_arm = [-0.766 -1.235  0.129 -2.021  0.504 -0.872  0.737 -0.678  1.257 -0.034
 -1.976 -0.452 -0.971 -0.777]
q_head = [0.052 0.   ]
marker_right =
[[ 0.106  0.991  0.08   0.155]
 [-0.994  0.105  0.02   0.051]
 [ 0.011 -0.082  0.997  0.183]
 [ 0.     0.     0.     1.   ]]
marker_left =
[[-0.013 -0.993  0.114 -0.145]
 [ 0.996 -0.003  0.09   0.06 ]
 [-0.089  0.115  0.989  0.181]
 [ 0.     0.     0.     1.   ]]

--- Captured Sample ---
q_arm = [-0.814 -1.221  0.18  -2.039  0.533 -0.824  0.714 -0.638  1.267  0.01
 -1.948 -0.429 -1.021 -0.795]
q_head = [0.107 0.   ]
marker_right =
[[ 0.105  0.986  0.132  0.152]
 [-0.994  0.103  0.021  0.051]
 [ 0.007 -0.133  0.991  0.176]
 [ 0.     0.     0.     1.   ]]
marker_left =
[[-0.015 -0.986  0.168 -0.148]
 [ 0.996 -0.     0.089  0.06 ]
 [-0.088  0.169  0.982  0.19 ]
 [ 0.     0.     0.     1.   ]]

--- Captured Sample ---
q_arm = [-0.669 -1.237  0.076 -2.024  0.483 -0.915  0.793 -0.669  1.234 -0.074
 -2.024 -0.487 -0.917 -0.789]
q_head = [0.001 0.054]
marker_right =
[[ 0.106  0.994  0.035  0.158]
 [-0.994  0.107 -0.035  0.054]
 [-0.038 -0.031  0.999  0.191]
 [ 0.     0.     0.     1.   ]]
marker_left =
[[-0.009 -0.998  0.063 -0.141]
 [ 0.999 -0.006  0.038  0.063]
 [-0.038  0.063  0.997  0.173]
 [ 0.     0.     0.     1.   ]]

--- Captured Sample ---
q_arm = [-0.62  -1.222  0.072 -2.045  0.494 -0.913  0.824 -0.619  1.219 -0.07
 -2.045 -0.498 -0.914 -0.82 ]
q_head = [-0.     0.107]
marker_right =
[[ 0.106  0.994  0.038  0.158]
 [-0.99   0.109 -0.088  0.056]
 [-0.092 -0.028  0.995  0.193]
 [ 0.     0.     0.     1.   ]]
marker_left =
[[-0.006 -0.998  0.062 -0.142]
 [ 1.    -0.007 -0.016  0.066]
 [ 0.016  0.062  0.998  0.174]
 [ 0.     0.     0.     1.   ]]

--- Captured Sample ---
q_arm = [-0.776 -1.262  0.093 -1.973  0.464 -0.926  0.732 -0.776  1.259 -0.091
 -1.973 -0.468 -0.927 -0.729]
q_head = [-0.    -0.052]
marker_right =
[[ 0.106  0.994  0.027  0.158]
 [-0.992  0.104  0.071  0.049]
 [ 0.068 -0.034  0.997  0.192]
 [ 0.     0.     0.     1.   ]]
marker_left =
[[-0.013 -0.998  0.061 -0.142]
 [ 0.99  -0.004  0.143  0.057]
 [-0.143  0.063  0.988  0.173]
 [ 0.     0.     0.     1.   ]]

--- Captured Sample ---
q_arm = [-0.833 -1.272  0.106 -1.943  0.457 -0.934  0.702 -0.832  1.269 -0.104
 -1.943 -0.461 -0.935 -0.699]
q_head = [-0.    -0.106]
marker_right =
[[ 0.106  0.994  0.023  0.158]
 [-0.987  0.102  0.125  0.047]
 [ 0.122 -0.036  0.992  0.194]
 [ 0.     0.     0.     1.   ]]
marker_left =
[[-0.016 -0.998  0.061 -0.141]
 [ 0.98  -0.003  0.197  0.054]
 [-0.197  0.063  0.978  0.174]
 [ 0.     0.     0.     1.   ]]

--- Captured Sample ---
q_arm = [-0.877 -1.272  0.106 -1.943  0.457 -0.934  0.702 -0.876  1.269 -0.104
 -1.943 -0.461 -0.935 -0.699]
q_head = [-0.    -0.153]
marker_right =
[[ 0.106  0.994  0.008  0.154]
 [-0.986  0.104  0.131  0.047]
 [ 0.129 -0.022  0.991  0.188]
 [ 0.     0.     0.     1.   ]]
marker_left =
[[-0.017 -0.997  0.076 -0.138]
 [ 0.979 -0.001  0.202  0.054]
 [-0.202  0.078  0.976  0.169]
 [ 0.     0.     0.     1.   ]]

--- Captured Sample ---
q_arm = [-0.92  -1.272  0.106 -1.943  0.457 -0.934  0.702 -0.92   1.269 -0.104
 -1.943 -0.461 -0.935 -0.699]
q_head = [-0.    -0.201]
marker_right =
[[ 0.107  0.994 -0.007  0.151]
 [-0.985  0.106  0.137  0.046]
 [ 0.137 -0.008  0.99   0.182]
 [ 0.     0.     0.     1.   ]]
marker_left =
[[-0.017 -0.996  0.091 -0.134]
 [ 0.978  0.002  0.209  0.053]
 [-0.208  0.092  0.974  0.163]
 [ 0.     0.     0.     1.   ]]

--- Captured Sample ---
q_arm = [-0.789 -1.272  0.106 -1.943  0.457 -0.934  0.702 -0.789  1.269 -0.104
 -1.943 -0.461 -0.935 -0.699]
q_head = [-0.    -0.062]
marker_right =
[[ 0.106  0.994  0.038  0.162]
 [-0.987  0.101  0.122  0.048]
 [ 0.117 -0.051  0.992  0.2  ]
 [ 0.     0.     0.     1.   ]]
marker_left =
[[-0.014 -0.999  0.046 -0.145]
 [ 0.981 -0.005  0.194  0.055]
 [-0.193  0.048  0.98   0.18 ]
 [ 0.     0.     0.     1.   ]]

--- Captured Sample ---
q_arm = [-0.746 -1.272  0.106 -1.943  0.457 -0.934  0.702 -0.745  1.269 -0.104
 -1.943 -0.461 -0.935 -0.699]
q_head = [-0.    -0.016]
marker_right =
[[ 0.108  0.993  0.053  0.166]
 [-0.988  0.101  0.117  0.048]
 [ 0.111 -0.065  0.992  0.206]
 [ 0.     0.     0.     1.   ]]
marker_left =
[[-0.012 -0.999  0.031 -0.149]
 [ 0.982 -0.006  0.189  0.055]
 [-0.189  0.033  0.981  0.186]
 [ 0.     0.     0.     1.   ]]

--- Captured Sample ---
q_arm = [-0.833 -1.315  0.106 -1.943  0.457 -0.934  0.702 -0.833  1.225 -0.103
 -1.943 -0.461 -0.935 -0.699]
q_head = [-0.    -0.106]
marker_right =
[[ 0.077  0.996  0.054  0.161]
 [-0.991  0.07   0.112  0.046]
 [ 0.108 -0.062  0.992  0.194]
 [ 0.     0.     0.     1.   ]]
marker_left =
[[ 0.01  -0.996  0.094 -0.138]
 [ 0.978  0.03   0.205  0.055]
 [-0.207  0.09   0.974  0.174]
 [ 0.     0.     0.     1.   ]]

--- Captured Sample ---
q_arm = [-0.833 -1.359  0.106 -1.943  0.457 -0.934  0.702 -0.832  1.182 -0.104
 -1.943 -0.461 -0.935 -0.699]
q_head = [-0.    -0.107]
marker_right =
[[ 0.047  0.995  0.084  0.165]
 [-0.994  0.039  0.1    0.046]
 [ 0.097 -0.088  0.991  0.195]
 [ 0.     0.     0.     1.   ]]
marker_left =
[[ 0.036 -0.991  0.127 -0.135]
 [ 0.975  0.063  0.213  0.056]
 [-0.219  0.116  0.969  0.173]
 [ 0.     0.     0.     1.   ]]

--- Captured Sample ---
q_arm = [-0.833 -1.228  0.106 -1.943  0.457 -0.934  0.702 -0.833  1.313 -0.104
 -1.943 -0.461 -0.935 -0.699]
q_head = [-0.    -0.107]
marker_right =
[[ 0.135  0.991 -0.008  0.155]
 [-0.981  0.134  0.137  0.048]
 [ 0.136 -0.011  0.991  0.193]
 [ 0.     0.     0.     1.   ]]
marker_left =
[[-0.042 -0.999  0.028 -0.144]
 [ 0.982 -0.036  0.188  0.054]
 [-0.187  0.035  0.982  0.175]
 [ 0.     0.     0.     1.   ]]

--- Captured Sample ---
q_arm = [-0.833 -1.184  0.106 -1.943  0.457 -0.934  0.702 -0.833  1.356 -0.103
 -1.943 -0.461 -0.935 -0.699]
q_head = [-0.    -0.107]
marker_right =
[[ 0.163  0.986 -0.039  0.152]
 [-0.975  0.167  0.147  0.048]
 [ 0.151  0.014  0.988  0.193]
 [ 0.     0.     0.     1.   ]]
marker_left =
[[-0.069 -0.998 -0.005 -0.148]
 [ 0.982 -0.068  0.177  0.053]
 [-0.177  0.008  0.984  0.175]
 [ 0.     0.     0.     1.   ]]

--- Captured Sample ---
q_arm = [-0.833 -1.272  0.106 -1.943  0.414 -0.934  0.702 -0.833  1.269 -0.103
 -1.943 -0.505 -0.935 -0.699]
q_head = [-0.    -0.107]
marker_right =
[[ 0.128  0.992 -0.004  0.16 ]
 [-0.98   0.127  0.151  0.041]
 [ 0.15  -0.016  0.989  0.191]
 [ 0.     0.     0.     1.   ]]
marker_left =
[[-0.036 -0.999  0.032 -0.14 ]
 [ 0.984 -0.03   0.173  0.06 ]
 [-0.172  0.038  0.984  0.178]
 [ 0.     0.     0.     1.   ]]

--- Captured Sample ---
q_arm = [-0.833 -1.272  0.106 -1.943  0.37  -0.934  0.702 -0.833  1.269 -0.103
 -1.943 -0.549 -0.935 -0.699]
q_head = [-0.    -0.107]
marker_right =
[[ 0.149  0.988 -0.032  0.162]
 [-0.972  0.153  0.176  0.036]
 [ 0.179  0.004  0.984  0.187]
 [ 0.     0.     0.     1.   ]]
marker_left =
[[-0.057 -0.998  0.004 -0.138]
 [ 0.987 -0.056  0.148  0.066]
 [-0.148  0.013  0.989  0.183]
 [ 0.     0.     0.     1.   ]]

--- Captured Sample ---
q_arm = [-0.833 -1.272  0.106 -1.943  0.501 -0.934  0.702 -0.833  1.269 -0.103
 -1.943 -0.418 -0.935 -0.699]
q_head = [-0.    -0.107]
marker_right =
[[ 0.083  0.995  0.05   0.157]
 [-0.992  0.078  0.099  0.053]
 [ 0.094 -0.058  0.994  0.198]
 [ 0.     0.     0.     1.   ]]
marker_left =
[[ 0.004 -0.996  0.09  -0.143]
 [ 0.975  0.024  0.22   0.048]
 [-0.222  0.087  0.971  0.17 ]
 [ 0.     0.     0.     1.   ]]

--- Captured Sample ---
q_arm = [-0.833 -1.272  0.106 -1.943  0.545 -0.934  0.702 -0.833  1.269 -0.104
 -1.943 -0.374 -0.935 -0.699]
q_head = [-0.    -0.107]
marker_right =
[[ 0.059  0.995  0.076  0.155]
 [-0.996  0.054  0.072  0.058]
 [ 0.067 -0.08   0.995  0.201]
 [ 0.     0.     0.     1.   ]]
marker_left =
[[ 0.023 -0.993  0.119 -0.145]
 [ 0.969  0.052  0.243  0.042]
 [-0.247  0.11   0.963  0.167]
 [ 0.     0.     0.     1.   ]]

--- Captured Sample ---
q_arm = [-0.833 -1.272  0.106 -1.943  0.457 -0.934  0.702 -0.833  1.269 -0.103
 -1.943 -0.461 -0.935 -0.699]
q_head = [-0.    -0.107]
marker_right =
[[ 0.106  0.994  0.023  0.158]
 [-0.987  0.102  0.125  0.047]
 [ 0.122 -0.036  0.992  0.194]
 [ 0.     0.     0.     1.   ]]
marker_left =
[[-0.016 -0.998  0.061 -0.141]
 [ 0.98  -0.003  0.197  0.054]
 [-0.197  0.063  0.978  0.174]
 [ 0.     0.     0.     1.   ]]

--- Captured Sample ---
q_arm = [-0.836 -1.172  0.174 -1.841  0.488 -1.026  0.804 -0.806  1.213 -0.165
 -1.892 -0.525 -0.931 -0.773]
q_head = [-0.    -0.001]
marker_right =
[[ 0.101  0.995 -0.014  0.158]
 [-0.995  0.101  0.017  0.054]
 [ 0.018  0.012  1.     0.219]
 [ 0.     0.     0.     1.   ]]
marker_left =
[[-0.01  -1.     0.02  -0.138]
 [ 0.996 -0.008  0.093  0.061]
 [-0.093  0.021  0.995  0.204]
 [ 0.     0.     0.     1.   ]]

--- Captured Sample ---
q_arm = [-0.851 -1.152  0.178 -1.816  0.472 -1.073  0.816 -0.792  1.236 -0.163
 -1.917 -0.543 -0.882 -0.757]
q_head = [-0.  0.]
marker_right =
[[ 0.101  0.993 -0.058  0.159]
 [-0.995  0.102  0.014  0.054]
 [ 0.02   0.056  0.998  0.217]
 [ 0.     0.     0.     1.   ]]
marker_left =
[[-0.007 -1.    -0.025 -0.135]
 [ 0.996 -0.01   0.094  0.061]
 [-0.094 -0.024  0.995  0.206]
 [ 0.     0.     0.     1.   ]]

--- Captured Sample ---
q_arm = [-0.806 -1.215  0.167 -1.892  0.522 -0.93   0.775 -0.835  1.17  -0.171
 -1.841 -0.491 -1.027 -0.801]
q_head = [-0.  0.]
marker_right =
[[ 0.101  0.992  0.073  0.154]
 [-0.995  0.099  0.02   0.053]
 [ 0.012 -0.074  0.997  0.223]
 [ 0.     0.     0.     1.   ]]
marker_left =
[[-0.016 -0.994  0.109 -0.143]
 [ 0.996 -0.006  0.09   0.061]
 [-0.088  0.11   0.99   0.2  ]
 [ 0.     0.     0.     1.   ]]

--- Captured Sample ---
q_arm = [-0.793 -1.238  0.165 -1.917  0.54  -0.881  0.759 -0.851  1.15  -0.176
 -1.816 -0.474 -1.074 -0.813]
q_head = [-0.  0.]
marker_right =
[[ 0.101  0.988  0.116  0.153]
 [-0.995  0.099  0.022  0.053]
 [ 0.01  -0.118  0.993  0.226]
 [ 0.     0.     0.     1.   ]]
marker_left =
[[-0.018 -0.988  0.153 -0.146]
 [ 0.996 -0.005  0.088  0.061]
 [-0.086  0.154  0.984  0.198]
 [ 0.     0.     0.     1.   ]]

--- Captured Sample ---
q_arm = [-0.844 -1.213  0.19  -1.857  0.517 -1.003  0.777 -0.843  1.21  -0.187
 -1.857 -0.521 -1.004 -0.774]
q_head = [-0.  0.]
marker_right =
[[ 0.058  0.998  0.027  0.155]
 [-0.998  0.057  0.015  0.056]
 [ 0.014 -0.028  1.     0.221]
 [ 0.     0.     0.     1.   ]]
marker_left =
[[-0.057 -0.996  0.061 -0.14 ]
 [ 0.994 -0.051  0.093  0.063]
 [-0.089  0.066  0.994  0.202]
 [ 0.     0.     0.     1.   ]]

--- Captured Sample ---
q_arm = [-0.869 -1.23   0.209 -1.848  0.531 -1.028  0.764 -0.868  1.227 -0.206
 -1.848 -0.535 -1.03  -0.761]
q_head = [-0.  0.]
marker_right =
[[ 0.014  1.     0.024  0.155]
 [-1.     0.014  0.012  0.058]
 [ 0.012 -0.025  1.     0.221]
 [ 0.     0.     0.     1.   ]]
marker_left =
[[-0.101 -0.993  0.058 -0.14 ]
 [ 0.991 -0.096  0.094  0.065]
 [-0.088  0.067  0.994  0.202]
 [ 0.     0.     0.     1.   ]]

--- Captured Sample ---
q_arm = [-0.799 -1.174  0.152 -1.876  0.491 -0.953  0.804 -0.799  1.171 -0.149
 -1.876 -0.495 -0.955 -0.801]
q_head = [-0.  0.]
marker_right =
[[ 0.143  0.989  0.032  0.157]
 [-0.99   0.143  0.021  0.051]
 [ 0.016 -0.034  0.999  0.222]
 [ 0.     0.     0.     1.   ]]
marker_left =
[[ 0.031 -0.997  0.068 -0.14 ]
 [ 0.995  0.037  0.089  0.059]
 [-0.091  0.065  0.994  0.202]
 [ 0.     0.     0.     1.   ]]

--- Captured Sample ---
q_arm = [-0.778 -1.152  0.134 -1.885  0.479 -0.929  0.818 -0.778  1.149 -0.131
 -1.885 -0.483 -0.931 -0.814]
q_head = [-0.  0.]
marker_right =
[[ 0.186  0.982  0.034  0.157]
 [-0.982  0.185  0.024  0.049]
 [ 0.017 -0.038  0.999  0.222]
 [ 0.     0.     0.     1.   ]]
marker_left =
[[ 0.076 -0.995  0.071 -0.14 ]
 [ 0.993  0.082  0.087  0.057]
 [-0.092  0.064  0.994  0.202]
 [ 0.     0.     0.     1.   ]]

--- Captured Sample ---
q_arm = [-0.824 -1.204  0.18  -1.867  0.49  -0.973  0.758 -0.818  1.183 -0.159
 -1.867 -0.519 -0.984 -0.822]
q_head = [-0.  0.]
marker_right =
[[ 0.101  0.995  0.026  0.156]
 [-0.993  0.1    0.061  0.051]
 [ 0.059 -0.032  0.998  0.222]
 [ 0.     0.     0.     1.   ]]
marker_left =
[[-0.011 -0.998  0.065 -0.14 ]
 [ 0.999 -0.007  0.047  0.063]
 [-0.047  0.065  0.997  0.202]
 [ 0.     0.     0.     1.   ]]

--- Captured Sample ---
q_arm = [-0.826 -1.213  0.19  -1.867  0.478 -0.968  0.725 -0.816  1.174 -0.15
 -1.867 -0.531 -0.989 -0.855]
q_head = [-0.  0.]
marker_right =
[[ 0.102  0.995  0.023  0.156]
 [-0.99   0.099  0.105  0.049]
 [ 0.102 -0.033  0.994  0.222]
 [ 0.     0.     0.     1.   ]]
marker_left =
[[-0.008 -0.998  0.065 -0.14 ]
 [ 1.    -0.008  0.004  0.066]
 [-0.003  0.065  0.998  0.202]
 [ 0.     0.     0.     1.   ]]

--- Captured Sample ---
q_arm = [-0.819 -1.186  0.162 -1.867  0.515 -0.982  0.825 -0.823  1.201 -0.177
 -1.867 -0.495 -0.974 -0.755]
q_head = [-0.  0.]
marker_right =
[[ 0.1    0.994  0.033  0.156]
 [-0.995  0.101 -0.026  0.056]
 [-0.029 -0.03   0.999  0.221]
 [ 0.     0.     0.     1.   ]]
marker_left =
[[-0.015 -0.998  0.064 -0.14 ]
 [ 0.991 -0.006  0.134  0.059]
 [-0.134  0.065  0.989  0.202]
 [ 0.     0.     0.     1.   ]]

--- Captured Sample ---
q_arm = [-0.817 -1.177  0.153 -1.867  0.527 -0.987  0.859 -0.825  1.21  -0.186
 -1.867 -0.483 -0.97  -0.721]
q_head = [-0.  0.]
marker_right =
[[ 0.099  0.994  0.036  0.155]
 [-0.992  0.101 -0.069  0.058]
 [-0.072 -0.029  0.997  0.221]
 [ 0.     0.     0.     1.   ]]
marker_left =
[[-0.017 -0.998  0.063 -0.14 ]
 [ 0.984 -0.006  0.177  0.056]
 [-0.177  0.065  0.982  0.202]
 [ 0.     0.     0.     1.   ]]

--- Captured Sample ---
q_arm = [-0.788 -1.21   0.134 -1.843  0.478 -1.023  0.811 -0.856  1.176 -0.207
 -1.887 -0.533 -0.934 -0.768]
q_head = [-0.048  0.   ]
marker_right =
[[ 0.101  0.995 -0.017  0.158]
 [-0.995  0.101  0.017  0.054]
 [ 0.018  0.015  1.     0.229]
 [ 0.     0.     0.     1.   ]]
marker_left =
[[-0.011 -1.     0.016 -0.137]
 [ 0.996 -0.01   0.092  0.061]
 [-0.092  0.017  0.996  0.195]
 [ 0.     0.     0.     1.   ]]

--- Captured Sample ---
q_arm = [-0.756 -1.224  0.1   -1.816  0.455 -1.07   0.829 -0.893  1.158 -0.247
 -1.905 -0.561 -0.89  -0.747]
q_head = [-0.096  0.   ]
marker_right =
[[ 0.101  0.993 -0.063  0.16 ]
 [-0.995  0.102  0.016  0.054]
 [ 0.022  0.061  0.998  0.238]
 [ 0.     0.     0.     1.   ]]
marker_left =
[[-0.009 -0.999 -0.033 -0.133]
 [ 0.996 -0.012  0.093  0.061]
 [-0.093 -0.032  0.995  0.189]
 [ 0.     0.     0.     1.   ]]

--- Captured Sample ---
q_arm = [-0.857 -1.18   0.211 -1.887  0.527 -0.932  0.773 -0.788  1.209 -0.134
 -1.843 -0.48  -1.024 -0.809]
q_head = [0.047 0.   ]
marker_right =
[[ 0.1    0.992  0.075  0.153]
 [-0.995  0.099  0.019  0.053]
 [ 0.011 -0.076  0.997  0.214]
 [ 0.     0.     0.     1.   ]]
marker_left =
[[-0.014 -0.994  0.112 -0.144]
 [ 0.996 -0.004  0.09   0.061]
 [-0.089  0.113  0.99   0.209]
 [ 0.     0.     0.     1.   ]]

--- Captured Sample ---
q_arm = [-0.894 -1.162  0.251 -1.905  0.555 -0.888  0.752 -0.756  1.224 -0.099
 -1.816 -0.456 -1.07  -0.828]
q_head = [0.096 0.   ]
marker_right =
[[ 0.099  0.988  0.122  0.15 ]
 [-0.995  0.097  0.02   0.053]
 [ 0.007 -0.123  0.992  0.208]
 [ 0.     0.     0.     1.   ]]
marker_left =
[[-0.016 -0.987  0.161 -0.146]
 [ 0.996 -0.002  0.089  0.061]
 [-0.088  0.162  0.983  0.218]
 [ 0.     0.     0.     1.   ]]

--- Captured Sample ---
q_arm = [-0.773 -1.188  0.168 -1.89   0.506 -0.97   0.826 -0.772  1.184 -0.165
 -1.89  -0.511 -0.972 -0.821]
q_head = [0.001 0.048]
marker_right =
[[ 0.1    0.994  0.034  0.156]
 [-0.994  0.101 -0.03   0.056]
 [-0.034 -0.031  0.999  0.221]
 [ 0.     0.     0.     1.   ]]
marker_left =
[[-0.01  -0.998  0.066 -0.14 ]
 [ 0.999 -0.008  0.043  0.064]
 [-0.042  0.066  0.997  0.202]
 [ 0.     0.     0.     1.   ]]

--- Captured Sample ---
q_arm = [-0.726 -1.177  0.165 -1.911  0.514 -0.966  0.857 -0.725  1.173 -0.161
 -1.911 -0.519 -0.968 -0.852]
q_head = [-0.     0.097]
marker_right =
[[ 0.1    0.994  0.037  0.156]
 [-0.992  0.102 -0.078  0.058]
 [-0.082 -0.028  0.996  0.223]
 [ 0.     0.     0.     1.   ]]
marker_left =
[[-0.008 -0.998  0.065 -0.14 ]
 [ 1.    -0.008 -0.005  0.066]
 [ 0.006  0.065  0.998  0.203]
 [ 0.     0.     0.     1.   ]]

--- Captured Sample ---
q_arm = [-0.873 -1.206  0.182 -1.84   0.493 -0.983  0.765 -0.872  1.203 -0.178
 -1.84  -0.498 -0.985 -0.761]
q_head = [-0.    -0.047]
marker_right =
[[ 0.1    0.995  0.026  0.156]
 [-0.993  0.098  0.065  0.051]
 [ 0.062 -0.033  0.998  0.222]
 [ 0.     0.     0.     1.   ]]
marker_left =
[[-0.015 -0.998  0.064 -0.14 ]
 [ 0.99  -0.006  0.138  0.058]
 [-0.137  0.066  0.988  0.202]
 [ 0.     0.     0.     1.   ]]

--- Captured Sample ---
q_arm = [-0.927 -1.213  0.192 -1.81   0.49  -0.993  0.735 -0.926  1.209 -0.188
 -1.81  -0.495 -0.995 -0.731]
q_head = [-0.    -0.096]
marker_right =
[[ 0.1    0.995  0.023  0.156]
 [-0.989  0.097  0.114  0.049]
 [ 0.111 -0.034  0.993  0.224]
 [ 0.     0.     0.     1.   ]]
marker_left =
[[-0.018 -0.998  0.064 -0.14 ]
 [ 0.982 -0.005  0.186  0.056]
 [-0.186  0.066  0.98   0.204]
 [ 0.     0.     0.     1.   ]]

--- Captured Sample ---
q_arm = [-0.97  -1.213  0.192 -1.81   0.49  -0.993  0.735 -0.969  1.209 -0.188
 -1.81  -0.495 -0.995 -0.731]
q_head = [-0.    -0.142]
marker_right =
[[ 0.1    0.995  0.008  0.151]
 [-0.988  0.098  0.119  0.049]
 [ 0.117 -0.02   0.993  0.218]
 [ 0.     0.     0.     1.   ]]
marker_left =
[[-0.019 -0.997  0.079 -0.136]
 [ 0.982 -0.003  0.191  0.055]
 [-0.19   0.081  0.978  0.198]
 [ 0.     0.     0.     1.   ]]

--- Captured Sample ---
q_arm = [-1.014 -1.213  0.192 -1.81   0.49  -0.993  0.735 -1.013  1.209 -0.188
 -1.81  -0.495 -0.995 -0.731]
q_head = [-0.    -0.189]
marker_right =
[[ 0.101  0.995 -0.007  0.147]
 [-0.987  0.101  0.125  0.049]
 [ 0.125 -0.006  0.992  0.212]
 [ 0.     0.     0.     1.   ]]
marker_left =
[[-0.019 -0.995  0.093 -0.132]
 [ 0.981 -0.     0.196  0.055]
 [-0.196  0.095  0.976  0.192]
 [ 0.     0.     0.     1.   ]]

--- Captured Sample ---
q_arm = [-0.883 -1.212  0.192 -1.81   0.49  -0.993  0.735 -0.882  1.209 -0.188
 -1.81  -0.495 -0.995 -0.731]
q_head = [-0.    -0.052]
marker_right =
[[ 0.1    0.994  0.038  0.16 ]
 [-0.989  0.096  0.111  0.05 ]
 [ 0.107 -0.049  0.993  0.23 ]
 [ 0.     0.     0.     1.   ]]
marker_left =
[[-0.016 -0.999  0.049 -0.144]
 [ 0.983 -0.007  0.184  0.056]
 [-0.183  0.051  0.982  0.21 ]
 [ 0.     0.     0.     1.   ]]

--- Captured Sample ---
q_arm = [-0.839 -1.212  0.192 -1.81   0.49  -0.993  0.735 -0.838  1.209 -0.188
 -1.81  -0.495 -0.995 -0.731]
q_head = [-0.    -0.007]
marker_right =
[[ 0.102  0.993  0.053  0.165]
 [-0.99   0.096  0.107  0.05 ]
 [ 0.102 -0.063  0.993  0.235]
 [ 0.     0.     0.     1.   ]]
marker_left =
[[-0.014 -0.999  0.034 -0.148]
 [ 0.984 -0.007  0.18   0.056]
 [-0.18   0.036  0.983  0.215]
 [ 0.     0.     0.     1.   ]]

--- Captured Sample ---
q_arm = [-0.927 -1.256  0.192 -1.81   0.49  -0.993  0.735 -0.926  1.165 -0.188
 -1.81  -0.495 -0.995 -0.731]
q_head = [-0.    -0.095]
marker_right =
[[ 0.074  0.996  0.056  0.161]
 [-0.993  0.068  0.101  0.048]
 [ 0.096 -0.063  0.993  0.224]
 [ 0.     0.     0.     1.   ]]
marker_left =
[[ 0.005 -0.995  0.099 -0.135]
 [ 0.98   0.024  0.195  0.057]
 [-0.197  0.096  0.976  0.203]
 [ 0.     0.     0.     1.   ]]

--- Captured Sample ---
q_arm = [-0.927 -1.3    0.192 -1.81   0.49  -0.993  0.735 -0.926  1.122 -0.188
 -1.81  -0.495 -0.995 -0.731]
q_head = [-0.    -0.096]
marker_right =
[[ 0.047  0.995  0.088  0.166]
 [-0.995  0.039  0.087  0.046]
 [ 0.083 -0.092  0.992  0.225]
 [ 0.     0.     0.     1.   ]]
marker_left =
[[ 0.027 -0.991  0.134 -0.13 ]
 [ 0.977  0.055  0.204  0.058]
 [-0.21   0.126  0.97   0.202]
 [ 0.     0.     0.     1.   ]]

--- Captured Sample ---
q_arm = [-0.927 -1.169  0.192 -1.81   0.49  -0.993  0.735 -0.926  1.253 -0.188
 -1.81  -0.495 -0.995 -0.731]
q_head = [-0.    -0.096]
marker_right =
[[ 0.126  0.992 -0.01   0.15 ]
 [-0.984  0.126  0.126  0.051]
 [ 0.127 -0.006  0.992  0.223]
 [ 0.     0.     0.     1.   ]]
marker_left =
[[-0.041 -0.999  0.029 -0.145]
 [ 0.984 -0.035  0.176  0.054]
 [-0.175  0.035  0.984  0.204]
 [ 0.     0.     0.     1.   ]]

--- Captured Sample ---
q_arm = [-0.927 -1.125  0.192 -1.81   0.49  -0.993  0.735 -0.926  1.296 -0.188
 -1.81  -0.495 -0.995 -0.731]
q_head = [-0.    -0.096]
marker_right =
[[ 0.15   0.988 -0.044  0.145]
 [-0.978  0.155  0.137  0.052]
 [ 0.142  0.022  0.99   0.222]
 [ 0.     0.     0.     1.   ]]
marker_left =
[[-0.064 -0.998 -0.006 -0.15 ]
 [ 0.984 -0.064  0.165  0.053]
 [-0.165  0.005  0.986  0.205]
 [ 0.     0.     0.     1.   ]]

--- Captured Sample ---
q_arm = [-0.927 -1.213  0.192 -1.81   0.446 -0.993  0.735 -0.926  1.209 -0.188
 -1.81  -0.538 -0.995 -0.731]
q_head = [-0.    -0.096]
marker_right =
[[ 0.124  0.992 -0.004  0.158]
 [-0.983  0.123  0.138  0.044]
 [ 0.138 -0.013  0.99   0.22 ]
 [ 0.     0.     0.     1.   ]]
marker_left =
[[-0.04  -0.999  0.035 -0.138]
 [ 0.986 -0.034  0.165  0.062]
 [-0.163  0.041  0.986  0.208]
 [ 0.     0.     0.     1.   ]]

--- Captured Sample ---
q_arm = [-0.927 -1.212  0.192 -1.81   0.402 -0.993  0.735 -0.926  1.209 -0.188
 -1.81  -0.582 -0.995 -0.731]
q_head = [-0.    -0.096]
marker_right =
[[ 0.147  0.989 -0.032  0.16 ]
 [-0.975  0.151  0.162  0.038]
 [ 0.165  0.008  0.986  0.217]
 [ 0.     0.     0.     1.   ]]
marker_left =
[[-0.063 -0.998  0.006 -0.137]
 [ 0.988 -0.061  0.142  0.068]
 [-0.141  0.015  0.99   0.212]
 [ 0.     0.     0.     1.   ]]

--- Captured Sample ---
q_arm = [-0.927 -1.212  0.192 -1.81   0.533 -0.993  0.735 -0.926  1.209 -0.188
 -1.81  -0.451 -0.995 -0.731]
q_head = [-0.    -0.096]
marker_right =
[[ 0.075  0.996  0.05   0.154]
 [-0.993  0.07   0.09   0.055]
 [ 0.086 -0.056  0.995  0.227]
 [ 0.     0.     0.     1.   ]]
marker_left =
[[ 0.004 -0.996  0.093 -0.142]
 [ 0.978  0.023  0.208  0.05 ]
 [-0.209  0.09   0.974  0.2  ]
 [ 0.     0.     0.     1.   ]]

--- Captured Sample ---
q_arm = [-0.927 -1.212  0.192 -1.81   0.577 -0.993  0.735 -0.926  1.209 -0.188
 -1.81  -0.407 -0.995 -0.731]
q_head = [-0.    -0.096]
marker_right =
[[ 0.05   0.996  0.076  0.153]
 [-0.997  0.045  0.064  0.061]
 [ 0.06  -0.079  0.995  0.231]
 [ 0.     0.     0.     1.   ]]
marker_left =
[[ 0.025 -0.992  0.123 -0.144]
 [ 0.972  0.053  0.228  0.043]
 [-0.233  0.114  0.966  0.196]
 [ 0.     0.     0.     1.   ]]

--- Captured Sample ---
q_arm = [-0.927 -1.212  0.192 -1.81   0.49  -0.993  0.735 -0.926  1.209 -0.188
 -1.81  -0.495 -0.995 -0.731]
q_head = [-0.    -0.096]
marker_right =
[[ 0.1    0.995  0.023  0.156]
 [-0.989  0.097  0.114  0.049]
 [ 0.111 -0.034  0.993  0.224]
 [ 0.     0.     0.     1.   ]]
marker_left =
[[-0.018 -0.998  0.064 -0.14 ]
 [ 0.982 -0.005  0.187  0.056]
 [-0.186  0.066  0.98   0.204]
 [ 0.     0.     0.     1.   ]]

--- Captured Sample ---
q_arm = [-0.928 -1.116  0.244 -1.694  0.512 -1.091  0.84  -0.9    1.153 -0.238
 -1.75  -0.551 -0.994 -0.807]
q_head = [-0.    -0.001]
marker_right =
[[ 0.095  0.995 -0.014  0.155]
 [-0.995  0.095  0.016  0.056]
 [ 0.017  0.013  1.     0.249]
 [ 0.     0.     0.     1.   ]]
marker_left =
[[-0.012 -1.     0.023 -0.136]
 [ 0.996 -0.01   0.093  0.062]
 [-0.092  0.024  0.995  0.234]
 [ 0.     0.     0.     1.   ]]

--- Captured Sample ---
q_arm = [-0.942 -1.097  0.247 -1.666  0.496 -1.139  0.852 -0.887  1.174 -0.239
 -1.777 -0.57  -0.944 -0.79 ]
q_head = [-0.  0.]
marker_right =
[[ 0.094  0.994 -0.058  0.157]
 [-0.995  0.095  0.013  0.056]
 [ 0.018  0.056  0.998  0.248]
 [ 0.     0.     0.     1.   ]]
marker_left =
[[-0.009 -1.    -0.022 -0.134]
 [ 0.996 -0.011  0.093  0.062]
 [-0.093 -0.021  0.995  0.236]
 [ 0.     0.     0.     1.   ]]

--- Captured Sample ---
q_arm = [-0.901 -1.156  0.242 -1.75   0.547 -0.992  0.811 -0.927  1.113 -0.241
 -1.694 -0.516 -1.092 -0.837]
q_head = [-0.  0.]
marker_right =
[[ 0.094  0.993  0.073  0.152]
 [-0.995  0.093  0.019  0.055]
 [ 0.012 -0.074  0.997  0.254]
 [ 0.     0.     0.     1.   ]]
marker_left =
[[-0.017 -0.994  0.111 -0.141]
 [ 0.996 -0.007  0.089  0.061]
 [-0.088  0.113  0.99   0.229]
 [ 0.     0.     0.     1.   ]]

--- Captured Sample ---
q_arm = [-0.888 -1.177  0.242 -1.777  0.565 -0.942  0.794 -0.941  1.094 -0.244
 -1.666 -0.5   -1.14  -0.849]
q_head = [-0.  0.]
marker_right =
[[ 0.094  0.989  0.116  0.15 ]
 [-0.995  0.093  0.02   0.055]
 [ 0.009 -0.117  0.993  0.256]
 [ 0.     0.     0.     1.   ]]
marker_left =
[[-0.02  -0.988  0.156 -0.144]
 [ 0.996 -0.006  0.088  0.061]
 [-0.086  0.157  0.984  0.227]
 [ 0.     0.     0.     1.   ]]

--- Captured Sample ---
q_arm = [-0.937 -1.152  0.263 -1.713  0.544 -1.066  0.813 -0.936  1.149 -0.258
 -1.713 -0.549 -1.068 -0.809]
q_head = [-0.  0.]
marker_right =
[[ 0.051  0.998  0.027  0.153]
 [-0.999  0.051  0.014  0.057]
 [ 0.012 -0.028  1.     0.251]
 [ 0.     0.     0.     1.   ]]
marker_left =
[[-0.059 -0.996  0.064 -0.139]
 [ 0.994 -0.053  0.092  0.064]
 [-0.088  0.069  0.994  0.231]
 [ 0.     0.     0.     1.   ]]

--- Captured Sample ---
q_arm = [-0.961 -1.167  0.283 -1.703  0.56  -1.091  0.8   -0.96   1.163 -0.278
 -1.703 -0.565 -1.093 -0.796]
q_head = [-0.  0.]
marker_right =
[[ 0.008  1.     0.024  0.152]
 [-1.     0.008  0.011  0.059]
 [ 0.011 -0.024  1.     0.251]
 [ 0.     0.     0.     1.   ]]
marker_left =
[[-0.103 -0.993  0.06  -0.139]
 [ 0.991 -0.097  0.094  0.066]
 [-0.087  0.069  0.994  0.231]
 [ 0.     0.     0.     1.   ]]

--- Captured Sample ---
q_arm = [-0.892 -1.118  0.224 -1.731  0.514 -1.017  0.84  -0.891  1.115 -0.22
 -1.731 -0.519 -1.019 -0.836]
q_head = [-0.  0.]
marker_right =
[[ 0.137  0.99   0.032  0.154]
 [-0.99   0.137  0.02   0.053]
 [ 0.015 -0.034  0.999  0.252]
 [ 0.     0.     0.     1.   ]]
marker_left =
[[ 0.03  -0.997  0.07  -0.139]
 [ 0.995  0.036  0.088  0.059]
 [-0.091  0.068  0.994  0.231]
 [ 0.     0.     0.     1.   ]]

--- Captured Sample ---
q_arm = [-0.871 -1.099  0.206 -1.74   0.5   -0.993  0.854 -0.87   1.096 -0.201
 -1.74  -0.505 -0.995 -0.85 ]
q_head = [-0.  0.]
marker_right =
[[ 0.18   0.983  0.034  0.155]
 [-0.984  0.179  0.023  0.051]
 [ 0.016 -0.037  0.999  0.252]
 [ 0.     0.     0.     1.   ]]
marker_left =
[[ 0.074 -0.995  0.074 -0.139]
 [ 0.993  0.08   0.086  0.057]
 [-0.092  0.067  0.994  0.231]
 [ 0.     0.     0.     1.   ]]

--- Captured Sample ---
q_arm = [-0.917 -1.144  0.254 -1.722  0.516 -1.036  0.793 -0.911  1.125 -0.23
 -1.722 -0.544 -1.047 -0.858]
q_head = [-0.  0.]
marker_right =
[[ 0.095  0.995  0.026  0.154]
 [-0.994  0.093  0.06   0.053]
 [ 0.057 -0.032  0.998  0.252]
 [ 0.     0.     0.     1.   ]]
marker_left =
[[-0.012 -0.998  0.068 -0.139]
 [ 0.999 -0.009  0.047  0.064]
 [-0.046  0.068  0.997  0.231]
 [ 0.     0.     0.     1.   ]]

--- Captured Sample ---
q_arm = [-0.92  -1.152  0.263 -1.722  0.505 -1.032  0.757 -0.908  1.117 -0.221
 -1.722 -0.555 -1.052 -0.894]
q_head = [-0.  0.]
marker_right =
[[ 0.096  0.995  0.023  0.154]
 [-0.99   0.093  0.104  0.051]
 [ 0.101 -0.032  0.994  0.252]
 [ 0.     0.     0.     1.   ]]
marker_left =
[[-0.009 -0.998  0.068 -0.139]
 [ 1.    -0.009  0.003  0.066]
 [-0.002  0.068  0.998  0.231]
 [ 0.     0.     0.     1.   ]]

--- Captured Sample ---
q_arm = [-0.912 -1.129  0.235 -1.722  0.539 -1.045  0.862 -0.916  1.141 -0.249
 -1.722 -0.522 -1.039 -0.788]
q_head = [-0.  0.]
marker_right =
[[ 0.094  0.995  0.033  0.153]
 [-0.995  0.094 -0.027  0.058]
 [-0.03  -0.03   0.999  0.251]
 [ 0.     0.     0.     1.   ]]
marker_left =
[[-0.017 -0.998  0.066 -0.139]
 [ 0.991 -0.008  0.134  0.059]
 [-0.133  0.068  0.989  0.232]
 [ 0.     0.     0.     1.   ]]

--- Captured Sample ---
q_arm = [-0.909 -1.121  0.226 -1.722  0.55  -1.05   0.898 -0.919  1.148 -0.258
 -1.722 -0.511 -1.034 -0.753]
q_head = [-0.  0.]
marker_right =
[[ 0.093  0.995  0.036  0.153]
 [-0.993  0.095 -0.07   0.06 ]
 [-0.074 -0.029  0.997  0.251]
 [ 0.     0.     0.     1.   ]]
marker_left =
[[-0.019 -0.998  0.066 -0.139]
 [ 0.984 -0.007  0.177  0.057]
 [-0.176  0.068  0.982  0.232]
 [ 0.     0.     0.     1.   ]]

--- Captured Sample ---
q_arm = [-0.889 -1.154  0.216 -1.698  0.505 -1.084  0.844 -0.94   1.115 -0.27
 -1.743 -0.557 -1.001 -0.806]
q_head = [-0.044  0.   ]
marker_right =
[[ 0.095  0.995 -0.013  0.156]
 [-0.995  0.095  0.016  0.056]
 [ 0.017  0.011  1.     0.259]
 [ 0.     0.     0.     1.   ]]
marker_left =
[[-0.013 -1.     0.023 -0.135]
 [ 0.996 -0.011  0.091  0.062]
 [-0.091  0.024  0.996  0.225]
