--- Captured Sample ---
q_arm = [-1.134 -1.282  0.349 -1.955  0.451 -0.768  0.668 -1.135  1.282 -0.349
 -1.955 -0.451 -0.768 -0.668]
q_head = [-0.    -0.036]
marker_right =
[[ 0.094  0.995  0.018  0.105]
 [-0.995  0.093  0.044  0.006]
 [ 0.042 -0.022  0.999  0.184]
 [ 0.     0.     0.     1.   ]]
marker_left =
[[-0.027 -0.996  0.088 -0.083]
 [ 0.993 -0.017  0.116  0.015]
 [-0.114  0.09   0.989  0.168]
 [ 0.     0.     0.     1.   ]]

--- Captured Sample ---
q_arm = [-1.222 -1.282  0.349 -1.955  0.451 -0.768  0.668 -1.222  1.282 -0.349
 -1.955 -0.451 -0.768 -0.668]
q_head = [-0.    -0.136]
marker_right =
[[ 0.095  0.995 -0.011  0.097]
 [-0.994  0.095  0.062  0.006]
 [ 0.062  0.006  0.998  0.171]
 [ 0.     0.     0.     1.   ]]
marker_left =
[[-0.027 -0.993  0.117 -0.077]
 [ 0.991 -0.011  0.133  0.015]
 [-0.131  0.12   0.984  0.155]
 [ 0.     0.     0.     1.   ]]

--- Captured Sample ---
q_arm = [-1.091 -1.282  0.349 -1.955  0.451 -0.768  0.668 -1.091  1.282 -0.349
 -1.955 -0.451 -0.768 -0.668]
q_head = [-0.     0.012]
marker_right =
[[ 0.095  0.995  0.033  0.109]
 [-0.995  0.094  0.037  0.005]
 [ 0.034 -0.037  0.999  0.19 ]
 [ 0.     0.     0.     1.   ]]
marker_left =
[[-0.027 -0.997  0.073 -0.086]
 [ 0.994 -0.019  0.11   0.015]
 [-0.108  0.075  0.991  0.175]
 [ 0.     0.     0.     1.   ]]

--- Captured Sample ---
q_arm = [-1.047 -1.282  0.349 -1.955  0.451 -0.768  0.668 -1.047  1.282 -0.349
 -1.955 -0.451 -0.768 -0.668]
q_head = [-0.    0.06]
marker_right =
[[ 0.096  0.994  0.048  0.113]
 [-0.995  0.095  0.03   0.004]
 [ 0.026 -0.051  0.998  0.196]
 [ 0.     0.     0.     1.   ]]
marker_left =
[[-0.026 -0.998  0.058 -0.09 ]
 [ 0.995 -0.02   0.102  0.014]
 [-0.101  0.06   0.993  0.181]
 [ 0.     0.     0.     1.   ]]

--- Captured Sample ---
q_arm = [-1.134 -1.326  0.349 -1.955  0.451 -0.768  0.668 -1.135  1.238 -0.349
 -1.955 -0.451 -0.768 -0.668]
q_head = [-0.    -0.035]
marker_right =
[[ 0.074  0.996  0.055  0.111]
 [-0.997  0.073  0.029  0.004]
 [ 0.025 -0.057  0.998  0.186]
 [ 0.     0.     0.     1.   ]]
marker_left =
[[-0.012 -0.992  0.126 -0.078]
 [ 0.992  0.004  0.126  0.015]
 [-0.126  0.126  0.984  0.166]
 [ 0.     0.     0.     1.   ]]

--- Captured Sample ---
q_arm = [-1.134 -1.369  0.349 -1.955  0.451 -0.768  0.668 -1.135  1.195 -0.349
 -1.955 -0.451 -0.768 -0.668]
q_head = [-0.    -0.036]
marker_right =
[[ 0.054  0.994  0.091  0.117]
 [-0.999  0.053  0.015  0.004]
 [ 0.01  -0.092  0.996  0.188]
 [ 0.     0.     0.     1.   ]]
marker_left =
[[ 0.004 -0.986  0.164 -0.072]
 [ 0.99   0.026  0.138  0.016]
 [-0.14   0.162  0.977  0.163]
 [ 0.     0.     0.     1.   ]]

--- Captured Sample ---
q_arm = [-1.134 -1.238  0.349 -1.955  0.451 -0.768  0.668 -1.135  1.326 -0.349
 -1.955 -0.451 -0.768 -0.668]
q_head = [-0.    -0.036]
marker_right =
[[ 0.114  0.993 -0.018  0.099]
 [-0.992  0.114  0.057  0.006]
 [ 0.059  0.012  0.998  0.182]
 [ 0.     0.     0.     1.   ]]
marker_left =
[[-0.044 -0.998  0.05  -0.089]
 [ 0.994 -0.038  0.103  0.014]
 [-0.101  0.054  0.993  0.17 ]
 [ 0.     0.     0.     1.   ]]

--- Captured Sample ---
q_arm = [-1.134 -1.195  0.349 -1.955  0.451 -0.768  0.668 -1.135  1.369 -0.349
 -1.955 -0.451 -0.768 -0.668]
q_head = [-0.    -0.036]
marker_right =
[[ 0.132  0.99  -0.055  0.093]
 [-0.988  0.136  0.069  0.007]
 [ 0.076  0.046  0.996  0.179]
 [ 0.     0.     0.     1.   ]]
marker_left =
[[-0.06  -0.998  0.012 -0.094]
 [ 0.994 -0.059  0.09   0.013]
 [-0.089  0.017  0.996  0.172]
 [ 0.     0.     0.     1.   ]]

--- Captured Sample ---
q_arm = [-1.134 -1.282  0.349 -1.955  0.408 -0.768  0.668 -1.135  1.282 -0.349
 -1.955 -0.495 -0.768 -0.668]
q_head = [-0.    -0.036]
marker_right =
[[ 0.112  0.994 -0.006  0.107]
 [-0.991  0.112  0.075  0.001]
 [ 0.075 -0.003  0.997  0.18 ]
 [ 0.     0.     0.     1.   ]]
marker_left =
[[-0.043 -0.997  0.063 -0.081]
 [ 0.996 -0.038  0.085  0.02 ]
 [-0.083  0.066  0.994  0.172]
 [ 0.     0.     0.     1.   ]]

--- Captured Sample ---
q_arm = [-1.134 -1.282  0.349 -1.955  0.364 -0.768  0.668 -1.135  1.282 -0.349
 -1.955 -0.539 -0.768 -0.668]
q_head = [-0.    -0.036]
marker_right =
[[ 0.129  0.991 -0.03   0.108]
 [-0.986  0.132  0.106 -0.004]
 [ 0.109  0.016  0.994  0.177]
 [ 0.     0.     0.     1.   ]]
marker_left =
[[-0.06  -0.997  0.038 -0.08 ]
 [ 0.997 -0.058  0.054  0.025]
 [-0.052  0.041  0.998  0.176]
 [ 0.     0.     0.     1.   ]]

--- Captured Sample ---
q_arm = [-1.134 -1.282  0.349 -1.955  0.495 -0.768  0.668 -1.135  1.282 -0.349
 -1.955 -0.408 -0.768 -0.668]
q_head = [-0.    -0.036]
marker_right =
[[ 0.076  0.996  0.042  0.104]
 [-0.997  0.075  0.011  0.01 ]
 [ 0.008 -0.043  0.999  0.187]
 [ 0.     0.     0.     1.   ]]
marker_left =
[[-0.012 -0.994  0.113 -0.085]
 [ 0.989  0.004  0.145  0.009]
 [-0.145  0.114  0.983  0.164]
 [ 0.     0.     0.     1.   ]]

--- Captured Sample ---
q_arm = [-1.134 -1.282  0.349 -1.955  0.539 -0.768  0.668 -1.135  1.282 -0.349
 -1.955 -0.364 -0.768 -0.668]
q_head = [-0.    -0.036]
marker_right =
[[ 0.056  0.996  0.065  0.102]
 [-0.998  0.058 -0.021  0.015]
 [-0.025 -0.064  0.998  0.191]
 [ 0.     0.     0.     1.   ]]
marker_left =
[[ 0.002 -0.99   0.139 -0.087]
 [ 0.984  0.027  0.174  0.004]
 [-0.176  0.136  0.975  0.161]
 [ 0.     0.     0.     1.   ]]

--- Captured Sample ---
q_arm = [-1.134 -1.282  0.349 -1.955  0.451 -0.768  0.668 -1.135  1.282 -0.349
 -1.955 -0.451 -0.768 -0.668]
q_head = [-0.    -0.036]
marker_right =
[[ 0.094  0.995  0.018  0.105]
 [-0.995  0.093  0.044  0.006]
 [ 0.042 -0.022  0.999  0.184]
 [ 0.     0.     0.     1.   ]]
marker_left =
[[-0.027 -0.996  0.088 -0.083]
 [ 0.993 -0.017  0.116  0.015]
 [-0.114  0.09   0.989  0.168]
 [ 0.     0.     0.     1.   ]]

--- Captured Sample ---
q_arm = [-1.095 -1.258  0.346 -1.931  0.428 -0.813  0.692 -1.092  1.313 -0.362
 -1.978 -0.464 -0.719 -0.652]
q_head = [-0.     0.012]
marker_right =
[[ 0.095  0.995 -0.009  0.111]
 [-0.995  0.095  0.036  0.005]
 [ 0.037  0.006  0.999  0.188]
 [ 0.     0.     0.     1.   ]]
marker_left =
[[-0.024 -0.999  0.028 -0.084]
 [ 0.994 -0.021  0.11   0.015]
 [-0.11   0.03   0.994  0.177]
 [ 0.     0.     0.     1.   ]]

--- Captured Sample ---
q_arm = [-1.099 -1.232  0.341 -1.908  0.412 -0.859  0.709 -1.094  1.343 -0.373
 -2.001 -0.483 -0.672 -0.629]
q_head = [-0.     0.012]
marker_right =
[[ 0.095  0.994 -0.052  0.113]
 [-0.995  0.096  0.034  0.005]
 [ 0.039  0.049  0.998  0.186]
 [ 0.     0.     0.     1.   ]]
marker_left =
[[-0.022 -1.    -0.017 -0.081]
 [ 0.994 -0.024  0.111  0.015]
 [-0.111 -0.015  0.994  0.179]
 [ 0.     0.     0.     1.   ]]

--- Captured Sample ---
q_arm = [-1.092 -1.313  0.362 -1.978  0.464 -0.719  0.652 -1.095  1.257 -0.345
 -1.931 -0.429 -0.813 -0.691]
q_head = [-0.     0.012]
marker_right =
[[ 0.095  0.993  0.077  0.107]
 [-0.995  0.092  0.038  0.005]
 [ 0.03  -0.08   0.996  0.192]
 [ 0.     0.     0.     1.   ]]
marker_left =
[[-0.029 -0.993  0.118 -0.089]
 [ 0.994 -0.017  0.108  0.014]
 [-0.105  0.12   0.987  0.172]
 [ 0.     0.     0.     1.   ]]

--- Captured Sample ---
q_arm = [-1.094 -1.342  0.373 -2.001  0.483 -0.672  0.628 -1.099  1.231 -0.34
 -1.908 -0.413 -0.859 -0.708]
q_head = [-0.     0.012]
marker_right =
[[ 0.094  0.988  0.119  0.105]
 [-0.995  0.09   0.039  0.005]
 [ 0.028 -0.122  0.992  0.194]
 [ 0.     0.     0.     1.   ]]
marker_left =
[[-0.032 -0.986  0.162 -0.092]
 [ 0.994 -0.014  0.106  0.014]
 [-0.103  0.165  0.981  0.17 ]
 [ 0.     0.     0.     1.   ]]

--- Captured Sample ---
q_arm = [-1.123 -1.299  0.376 -1.941  0.459 -0.8    0.655 -1.122  1.298 -0.375
 -1.941 -0.461 -0.8   -0.653]
q_head = [-0.     0.012]
marker_right =
[[ 0.051  0.998  0.031  0.108]
 [-0.998  0.05   0.034  0.007]
 [ 0.032 -0.033  0.999  0.19 ]
 [ 0.     0.     0.     1.   ]]
marker_left =
[[-0.071 -0.995  0.069 -0.086]
 [ 0.992 -0.063  0.11   0.017]
 [-0.105  0.077  0.992  0.174]
 [ 0.     0.     0.     1.   ]]

--- Captured Sample ---
q_arm = [-1.154 -1.311  0.4   -1.928  0.474 -0.834  0.636 -1.153  1.31  -0.398
 -1.928 -0.475 -0.834 -0.635]
q_head = [-0.     0.012]
marker_right =
[[ 0.008  1.     0.028  0.108]
 [-0.999  0.007  0.032  0.009]
 [ 0.031 -0.028  0.999  0.189]
 [ 0.     0.     0.     1.   ]]
marker_left =
[[-0.116 -0.991  0.066 -0.087]
 [ 0.988 -0.108  0.111  0.019]
 [-0.103  0.078  0.992  0.174]
 [ 0.     0.     0.     1.   ]]

--- Captured Sample ---
q_arm = [-1.064 -1.269  0.33  -1.968  0.433 -0.734  0.692 -1.063  1.269 -0.329
 -1.968 -0.434 -0.734 -0.69 ]
q_head = [-0.     0.012]
marker_right =
[[ 0.138  0.99   0.037  0.11 ]
 [-0.99   0.136  0.039  0.003]
 [ 0.034 -0.042  0.999  0.191]
 [ 0.     0.     0.     1.   ]]
marker_left =
[[ 0.018 -0.997  0.076 -0.087]
 [ 0.994  0.026  0.107  0.012]
 [-0.109  0.074  0.991  0.175]
 [ 0.     0.     0.     1.   ]]

--- Captured Sample ---
q_arm = [-1.036 -1.251  0.308 -1.981  0.421 -0.702  0.71  -1.035  1.25  -0.307
 -1.981 -0.423 -0.703 -0.708]
q_head = [-0.     0.012]
marker_right =
[[ 0.18   0.983  0.039  0.11 ]
 [-0.983  0.178  0.042  0.001]
 [ 0.034 -0.046  0.998  0.191]
 [ 0.     0.     0.     1.   ]]
marker_left =
[[ 0.062 -0.995  0.08  -0.087]
 [ 0.992  0.07   0.105  0.01 ]
 [-0.111  0.073  0.991  0.175]
 [ 0.     0.     0.     1.   ]]

--- Captured Sample ---
q_arm = [-1.098 -1.294  0.365 -1.955  0.43  -0.762  0.642 -1.088  1.278 -0.343
 -1.955 -0.459 -0.77  -0.706]
q_head = [-0.     0.012]
marker_right =
[[ 0.095  0.995  0.031  0.109]
 [-0.992  0.093  0.08   0.003]
 [ 0.077 -0.038  0.996  0.191]
 [ 0.     0.     0.     1.   ]]
marker_left =
[[-0.024 -0.997  0.074 -0.087]
 [ 0.998 -0.019  0.065  0.017]
 [-0.064  0.075  0.995  0.174]
 [ 0.     0.     0.     1.   ]]

--- Captured Sample ---
q_arm = [-1.103 -1.301  0.374 -1.955  0.417 -0.759  0.61  -1.084  1.27  -0.334
 -1.955 -0.472 -0.774 -0.738]
q_head = [-0.     0.012]
marker_right =
[[ 0.096  0.995  0.028  0.109]
 [-0.988  0.092  0.123  0.001]
 [ 0.12  -0.039  0.992  0.191]
 [ 0.     0.     0.     1.   ]]
marker_left =
[[-0.021 -0.997  0.075 -0.087]
 [ 1.    -0.02   0.022  0.019]
 [-0.02   0.075  0.997  0.174]
 [ 0.     0.     0.     1.   ]]

--- Captured Sample ---
q_arm = [-1.089 -1.279  0.345 -1.955  0.457 -0.769  0.707 -1.098  1.293 -0.363
 -1.955 -0.432 -0.763 -0.641]
q_head = [-0.     0.012]
marker_right =
[[ 0.094  0.995  0.037  0.109]
 [-0.996  0.094 -0.007  0.007]
 [-0.01  -0.036  0.999  0.19 ]
 [ 0.     0.     0.     1.   ]]
marker_left =
[[-0.029 -0.997  0.072 -0.086]
 [ 0.988 -0.018  0.152  0.012]
 [-0.15   0.076  0.986  0.175]
 [ 0.     0.     0.     1.   ]]

--- Captured Sample ---
q_arm = [-1.085 -1.271  0.335 -1.955  0.47  -0.773  0.74  -1.103  1.3   -0.373
 -1.955 -0.419 -0.759 -0.608]
q_head = [-0.     0.012]
marker_right =
[[ 0.092  0.995  0.04   0.108]
 [-0.994  0.094 -0.05   0.01 ]
 [-0.054 -0.035  0.998  0.19 ]
 [ 0.     0.     0.     1.   ]]
marker_left =
[[-0.032 -0.997  0.071 -0.086]
 [ 0.981 -0.018  0.195  0.01 ]
 [-0.193  0.076  0.978  0.175]
 [ 0.     0.     0.     1.   ]]

--- Captured Sample ---
q_arm = [-1.045 -1.308  0.308 -1.941  0.413 -0.81   0.7   -1.142  1.262 -0.4
 -1.965 -0.477 -0.723 -0.647]
q_head = [-0.053  0.013]
marker_right =
[[ 0.095  0.995 -0.017  0.112]
 [-0.995  0.096  0.036  0.005]
 [ 0.037  0.014  0.999  0.197]
 [ 0.     0.     0.     1.   ]]
marker_left =
[[-0.025 -1.     0.019 -0.083]
 [ 0.994 -0.023  0.109  0.015]
 [-0.109  0.021  0.994  0.17 ]
 [ 0.     0.     0.     1.   ]]

--- Captured Sample ---
q_arm = [-0.997 -1.33   0.263 -1.925  0.382 -0.855  0.724 -1.191  1.238 -0.448
 -1.972 -0.51  -0.682 -0.621]
q_head = [-0.107  0.013]
marker_right =
[[ 0.096  0.993 -0.068  0.114]
 [-0.995  0.098  0.034  0.005]
 [ 0.041  0.065  0.997  0.204]
 [ 0.     0.     0.     1.   ]]
marker_left =
[[-0.023 -0.999 -0.036 -0.078]
 [ 0.994 -0.027  0.109  0.015]
 [-0.11  -0.033  0.993  0.166]
 [ 0.     0.     0.     1.   ]]

--- Captured Sample ---
q_arm = [-1.143 -1.264  0.403 -1.965  0.474 -0.722  0.65  -1.045  1.309 -0.309
 -1.941 -0.412 -0.81  -0.7  ]
q_head = [0.052 0.013]
marker_right =
[[ 0.093  0.992  0.084  0.105]
 [-0.995  0.091  0.037  0.005]
 [ 0.029 -0.087  0.996  0.185]
 [ 0.     0.     0.     1.   ]]
marker_left =
[[-0.028 -0.992  0.126 -0.09 ]
 [ 0.994 -0.015  0.108  0.014]
 [-0.105  0.128  0.986  0.18 ]
 [ 0.     0.     0.     1.   ]]

--- Captured Sample ---
q_arm = [-1.192 -1.239  0.451 -1.972  0.507 -0.68   0.624 -0.997  1.33  -0.264
 -1.925 -0.381 -0.855 -0.725]
q_head = [0.107 0.013]
marker_right =
[[ 0.092  0.986  0.136  0.102]
 [-0.995  0.088  0.036  0.005]
 [ 0.024 -0.139  0.99   0.18 ]
 [ 0.     0.     0.     1.   ]]
marker_left =
[[-0.03  -0.983  0.18  -0.093]
 [ 0.994 -0.011  0.106  0.014]
 [-0.102  0.183  0.978  0.187]
 [ 0.     0.     0.     1.   ]]

--- Captured Sample ---
q_arm = [-1.039 -1.287  0.347 -1.989  0.442 -0.75   0.71  -1.038  1.285 -0.345
 -1.989 -0.444 -0.75  -0.708]
q_head = [0.001 0.065]
marker_right =
[[ 0.095  0.995  0.039  0.109]
 [-0.995  0.095 -0.015  0.008]
 [-0.019 -0.037  0.999  0.188]
 [ 0.     0.     0.     1.   ]]
marker_left =
[[-0.024 -0.997  0.075 -0.087]
 [ 0.998 -0.02   0.057  0.018]
 [-0.055  0.076  0.996  0.172]
 [ 0.     0.     0.     1.   ]]

--- Captured Sample ---
q_arm = [-0.985 -1.283  0.338 -2.021  0.445 -0.736  0.743 -0.984  1.282 -0.337
 -2.021 -0.448 -0.737 -0.741]
q_head = [-0.     0.118]
marker_right =
[[ 0.095  0.995  0.041  0.109]
 [-0.993  0.097 -0.068  0.011]
 [-0.072 -0.035  0.997  0.186]
 [ 0.     0.     0.     1.   ]]
marker_left =
[[-0.022 -0.997  0.074 -0.087]
 [ 1.    -0.021  0.004  0.021]
 [-0.002  0.074  0.997  0.171]
 [ 0.     0.     0.     1.   ]]

--- Captured Sample ---
q_arm = [-1.152 -1.289  0.37  -1.917  0.439 -0.782  0.647 -1.151  1.288 -0.369
 -1.917 -0.441 -0.782 -0.645]
q_head = [-0.    -0.038]
marker_right =
[[ 0.094  0.995  0.031  0.109]
 [-0.992  0.091  0.086  0.002]
 [ 0.083 -0.039  0.996  0.194]
 [ 0.     0.     0.     1.   ]]
marker_left =
[[-0.029 -0.997  0.072 -0.086]
 [ 0.987 -0.017  0.158  0.011]
 [-0.157  0.076  0.985  0.178]
 [ 0.     0.     0.     1.   ]]

--- Captured Sample ---
q_arm = [-1.21  -1.286  0.384 -1.877  0.44  -0.801  0.616 -1.209  1.285 -0.382
 -1.877 -0.442 -0.801 -0.614]
q_head = [-0.    -0.089]
marker_right =
[[ 0.093  0.995  0.027  0.108]
 [-0.987  0.088  0.137 -0.   ]
 [ 0.134 -0.04   0.99   0.198]
 [ 0.     0.     0.     1.   ]]
marker_left =
[[-0.032 -0.997  0.072 -0.086]
 [ 0.978 -0.016  0.209  0.008]
 [-0.207  0.077  0.975  0.182]
 [ 0.     0.     0.     1.   ]]

--- Captured Sample ---
q_arm = [-1.096 -1.29   0.359 -1.955  0.438 -0.764  0.68  -1.095  1.289 -0.357
 -1.955 -0.44  -0.765 -0.678]
q_head = [-0.086  0.011]
marker_right =
[[ 0.092  0.994 -0.052  0.088]
 [-0.995  0.094  0.038  0.006]
 [ 0.042  0.048  0.998  0.198]
 [ 0.     0.     0.     1.   ]]
marker_left =
[[-0.018 -1.    -0.013 -0.105]
 [ 0.994 -0.02   0.11   0.015]
 [-0.11  -0.011  0.994  0.166]
 [ 0.     0.     0.     1.   ]]

--- Captured Sample ---
q_arm = [-1.096 -1.29   0.359 -1.955  0.438 -0.764  0.68  -1.095  1.289 -0.357
 -1.955 -0.44  -0.765 -0.678]
q_head = [0.08  0.012]
marker_right =
[[ 0.095  0.989  0.114  0.127]
 [-0.995  0.092  0.037  0.005]
 [ 0.026 -0.117  0.993  0.182]
 [ 0.     0.     0.     1.   ]]
marker_left =
[[-0.034 -0.988  0.152 -0.069]
 [ 0.994 -0.017  0.109  0.015]
 [-0.105  0.155  0.982  0.181]
 [ 0.     0.     0.     1.   ]]

--- Captured Sample ---
q_arm = [-1.096 -1.29   0.359 -1.955  0.438 -0.764  0.68  -1.095  1.289 -0.357
 -1.955 -0.44  -0.765 -0.678]
q_head = [ 0.004 -0.071]
marker_right =
[[ 0.094  0.995  0.038  0.11 ]
 [-0.989  0.089  0.12   0.025]
 [ 0.116 -0.049  0.992  0.193]
 [ 0.     0.     0.     1.   ]]
marker_left =
[[-0.027 -0.997  0.077 -0.086]
 [ 0.981 -0.012  0.191  0.033]
 [-0.19   0.08   0.979  0.178]
 [ 0.     0.     0.     1.   ]]

--- Captured Sample ---
q_arm = [-1.096 -1.29   0.359 -1.955  0.438 -0.764  0.68  -1.095  1.289 -0.357
 -1.955 -0.44  -0.765 -0.678]
q_head = [-0.     0.092]
marker_right =
[[ 0.094  0.995  0.034  0.109]
 [-0.994  0.096 -0.043 -0.014]
 [-0.046 -0.03   0.998  0.185]
 [ 0.     0.     0.     1.   ]]
marker_left =
[[-0.027 -0.997  0.073 -0.086]
 [ 0.999 -0.024  0.029 -0.003]
 [-0.027  0.074  0.997  0.17 ]
 [ 0.     0.     0.     1.   ]]

--- Captured Sample ---
q_arm = [-1.139 -1.29   0.359 -1.955  0.438 -0.764  0.68  -1.139  1.289 -0.357
 -1.955 -0.44  -0.765 -0.678]
q_head = [-0.     0.048]
marker_right =
[[ 0.094  0.995  0.02   0.105]
 [-0.995  0.094 -0.04  -0.013]
 [-0.041 -0.016  0.999  0.179]
 [ 0.     0.     0.     1.   ]]
marker_left =
[[-0.027 -0.996  0.088 -0.083]
 [ 0.999 -0.024  0.033 -0.003]
 [-0.031  0.089  0.996  0.164]
 [ 0.     0.     0.     1.   ]]

--- Captured Sample ---
q_arm = [-1.183 -1.29   0.359 -1.955  0.438 -0.764  0.68  -1.182  1.289 -0.357
 -1.955 -0.44  -0.765 -0.678]
q_head = [-0.    -0.002]
marker_right =
[[ 0.094  0.996  0.005  0.101]
 [-0.995  0.094 -0.031 -0.012]
 [-0.031 -0.002  1.     0.173]
 [ 0.     0.     0.     1.   ]]
marker_left =
[[-0.027 -0.994  0.103 -0.08 ]
 [ 0.999 -0.023  0.041 -0.002]
 [-0.039  0.104  0.994  0.157]
 [ 0.     0.     0.     1.   ]]

--- Captured Sample ---
q_arm = [-1.052 -1.29   0.359 -1.955  0.438 -0.764  0.68  -1.051  1.289 -0.357
 -1.955 -0.44  -0.765 -0.678]
q_head = [-0.     0.142]
marker_right =
[[ 0.095  0.994  0.049  0.113]
 [-0.994  0.098 -0.052 -0.015]
 [-0.056 -0.044  0.997  0.192]
 [ 0.     0.     0.     1.   ]]
marker_left =
[[-0.025 -0.998  0.058 -0.09 ]
 [ 0.999 -0.024  0.021 -0.005]
 [-0.019  0.059  0.998  0.177]
 [ 0.     0.     0.     1.   ]]

--- Captured Sample ---
q_arm = [-1.008 -1.29   0.359 -1.955  0.438 -0.764  0.68  -1.008  1.289 -0.357
 -1.955 -0.44  -0.765 -0.678]
q_head = [-0.     0.189]
marker_right =
[[ 0.097  0.993  0.064  0.117]
 [-0.993  0.101 -0.057 -0.017]
 [-0.064 -0.058  0.996  0.198]
 [ 0.     0.     0.     1.   ]]
marker_left =
[[-0.024 -0.999  0.043 -0.094]
 [ 1.    -0.023  0.014 -0.006]
 [-0.013  0.044  0.999  0.183]
 [ 0.     0.     0.     1.   ]]

--- Captured Sample ---
q_arm = [-1.096 -1.333  0.359 -1.955  0.438 -0.764  0.68  -1.095  1.245 -0.357
 -1.955 -0.44  -0.765 -0.678]
q_head = [-0.     0.097]
marker_right =
[[ 0.074  0.995  0.071  0.115]
 [-0.995  0.079 -0.061 -0.016]
 [-0.067 -0.066  0.996  0.187]
 [ 0.     0.     0.     1.   ]]
marker_left =
[[-0.011 -0.994  0.111 -0.081]
 [ 0.999 -0.007  0.037 -0.003]
 [-0.036  0.112  0.993  0.168]
 [ 0.     0.     0.     1.   ]]

--- Captured Sample ---
q_arm = [-1.096 -1.377  0.359 -1.955  0.438 -0.764  0.68  -1.095  1.201 -0.357
 -1.955 -0.44  -0.765 -0.678]
q_head = [-0.     0.096]
marker_right =
[[ 0.054  0.993  0.107  0.121]
 [-0.995  0.062 -0.075 -0.017]
 [-0.081 -0.103  0.991  0.189]
 [ 0.     0.     0.     1.   ]]
marker_left =
[[ 0.004 -0.989  0.149 -0.076]
 [ 0.999  0.012  0.049 -0.002]
 [-0.05   0.149  0.988  0.165]
 [ 0.     0.     0.     1.   ]]

--- Captured Sample ---
q_arm = [-1.096 -1.246  0.359 -1.955  0.438 -0.764  0.68  -1.095  1.332 -0.357
 -1.955 -0.44  -0.765 -0.678]
q_head = [-0.     0.096]
marker_right =
[[ 0.114  0.994 -0.002  0.103]
 [-0.993  0.113 -0.033 -0.013]
 [-0.033  0.006  0.999  0.183]
 [ 0.     0.     0.     1.   ]]
marker_left =
[[-0.043 -0.998  0.035 -0.092]
 [ 0.999 -0.042  0.013 -0.005]
 [-0.012  0.035  0.999  0.172]
 [ 0.     0.     0.     1.   ]]

--- Captured Sample ---
q_arm = [-1.096 -1.202  0.359 -1.955  0.438 -0.764  0.68  -1.095  1.376 -0.357
 -1.955 -0.44  -0.765 -0.678]
q_head = [-0.     0.096]
marker_right =
[[ 0.132  0.99  -0.04   0.097]
 [-0.991  0.131 -0.021 -0.012]
 [-0.015  0.042  0.999  0.181]
 [ 0.     0.     0.     1.   ]]
marker_left =
[[-0.06  -0.998 -0.003 -0.098]
 [ 0.998 -0.06  -0.    -0.006]
 [ 0.    -0.003  1.     0.174]
 [ 0.     0.     0.     1.   ]]

--- Captured Sample ---
q_arm = [-1.096 -1.29   0.359 -1.955  0.394 -0.764  0.68  -1.095  1.289 -0.357
 -1.955 -0.483 -0.765 -0.678]
q_head = [-0.     0.096]
marker_right =
[[ 0.113  0.994  0.011  0.11 ]
 [-0.993  0.113 -0.015 -0.019]
 [-0.016 -0.009  1.     0.181]
 [ 0.     0.     0.     1.   ]]
marker_left =
[[-0.043 -0.998  0.048 -0.085]
 [ 0.999 -0.043 -0.005  0.001]
 [ 0.007  0.048  0.999  0.175]
 [ 0.     0.     0.     1.   ]]

--- Captured Sample ---
q_arm = [-1.096 -1.29   0.359 -1.955  0.35  -0.764  0.68  -1.095  1.289 -0.357
 -1.955 -0.527 -0.765 -0.678]
q_head = [-0.     0.096]
marker_right =
[[ 0.131  0.991 -0.014  0.112]
 [-0.991  0.131  0.017 -0.024]
 [ 0.018  0.012  1.     0.178]
 [ 0.     0.     0.     1.   ]]
marker_left =
[[-0.061 -0.998  0.024 -0.084]
 [ 0.997 -0.061 -0.036  0.006]
 [ 0.038  0.022  0.999  0.179]
 [ 0.     0.     0.     1.   ]]

--- Captured Sample ---
q_arm = [-1.096 -1.29   0.359 -1.955  0.481 -0.764  0.68  -1.095  1.289 -0.357
 -1.955 -0.396 -0.765 -0.678]
q_head = [-0.     0.096]
marker_right =
[[ 0.075  0.996  0.058  0.107]
 [-0.994  0.079 -0.079 -0.01 ]
 [-0.083 -0.051  0.995  0.189]
 [ 0.     0.     0.     1.   ]]
marker_left =
[[-0.011 -0.995  0.098 -0.088]
 [ 0.998 -0.005  0.056 -0.009]
 [-0.055  0.099  0.994  0.166]
 [ 0.     0.     0.     1.   ]]

--- Captured Sample ---
q_arm = [-1.096 -1.29   0.359 -1.955  0.525 -0.764  0.68  -1.095  1.289 -0.357
 -1.955 -0.352 -0.765 -0.678]
q_head = [-0.     0.096]
marker_right =
[[ 0.055  0.995  0.08   0.106]
 [-0.992  0.063 -0.111 -0.005]
 [-0.116 -0.073  0.991  0.193]
 [ 0.     0.     0.     1.   ]]
marker_left =
[[ 0.004 -0.992  0.124 -0.09 ]
 [ 0.996  0.015  0.086 -0.014]
 [-0.087  0.123  0.989  0.162]
 [ 0.     0.     0.     1.   ]]

--- Captured Sample ---
q_arm = [-1.096 -1.29   0.359 -1.955  0.438 -0.764  0.68  -1.095  1.289 -0.357
 -1.955 -0.44  -0.765 -0.678]
q_head = [-0.     0.096]
marker_right =
[[ 0.094  0.995  0.034  0.109]
 [-0.994  0.096 -0.047 -0.014]
 [-0.05  -0.03   0.998  0.185]
 [ 0.     0.     0.     1.   ]]
marker_left =
[[-0.027 -0.997  0.073 -0.087]
 [ 0.999 -0.025  0.026 -0.004]
 [-0.024  0.074  0.997  0.17 ]
 [ 0.     0.     0.     1.   ]]

--- Captured Sample ---
q_arm = [-1.154 -1.192  0.404 -1.797  0.451 -0.882  0.733 -1.15   1.242 -0.42
 -1.847 -0.489 -0.786 -0.692]
q_head = [-0.    0.03]
marker_right =
[[ 0.09   0.996 -0.008  0.109]
 [-0.996  0.09   0.016  0.003]
 [ 0.017  0.006  1.     0.217]
 [ 0.     0.     0.     1.   ]]
marker_left =
[[-0.025 -0.999  0.03  -0.082]
 [ 0.996 -0.022  0.091  0.011]
 [-0.09   0.033  0.995  0.205]
 [ 0.     0.     0.     1.   ]]

--- Captured Sample ---
q_arm = [-1.158 -1.168  0.398 -1.771  0.433 -0.929  0.75  -1.151  1.268 -0.431
 -1.872 -0.509 -0.737 -0.668]
q_head = [-0.     0.029]
marker_right =
[[ 0.09   0.995 -0.051  0.111]
 [-0.996  0.09   0.015  0.003]
 [ 0.02   0.049  0.999  0.216]
 [ 0.     0.     0.     1.   ]]
marker_left =
[[-0.023 -1.    -0.015 -0.08 ]
 [ 0.995 -0.024  0.093  0.012]
 [-0.093 -0.012  0.996  0.208]
 [ 0.     0.     0.     1.   ]]

--- Captured Sample ---
q_arm = [-1.15  -1.242  0.42  -1.847  0.488 -0.786  0.692 -1.153  1.191 -0.403
 -1.797 -0.452 -0.882 -0.732]
q_head = [-0.     0.029]
marker_right =
[[ 0.089  0.993  0.078  0.105]
 [-0.996  0.088  0.019  0.003]
 [ 0.012 -0.079  0.997  0.221]
 [ 0.     0.     0.     1.   ]]
marker_left =
[[-0.03  -0.992  0.12  -0.088]
 [ 0.996 -0.019  0.09   0.011]
 [-0.087  0.122  0.989  0.201]
 [ 0.     0.     0.     1.   ]]

--- Captured Sample ---
q_arm = [-1.151 -1.269  0.432 -1.872  0.509 -0.737  0.668 -1.158  1.167 -0.397
 -1.771 -0.434 -0.929 -0.749]
q_head = [-0.     0.029]
marker_right =
[[ 0.089  0.989  0.12   0.104]
 [-0.996  0.087  0.02   0.003]
 [ 0.01  -0.122  0.993  0.223]
 [ 0.     0.     0.     1.   ]]
marker_left =
[[-0.032 -0.986  0.164 -0.09 ]
 [ 0.996 -0.018  0.089  0.011]
 [-0.085  0.167  0.982  0.199]
 [ 0.     0.     0.     1.   ]]

--- Captured Sample ---
q_arm = [-1.18  -1.229  0.434 -1.809  0.483 -0.866  0.696 -1.179  1.228 -0.432
 -1.809 -0.486 -0.867 -0.694]
q_head = [-0.     0.029]
marker_right =
[[ 0.046  0.998  0.032  0.107]
 [-0.999  0.046  0.016  0.005]
 [ 0.014 -0.033  0.999  0.219]
 [ 0.     0.     0.     1.   ]]
marker_left =
[[-0.072 -0.995  0.072 -0.085]
 [ 0.994 -0.065  0.092  0.014]
 [-0.087  0.078  0.993  0.203]
 [ 0.     0.     0.     1.   ]]

--- Captured Sample ---
q_arm = [-1.209 -1.24   0.456 -1.796  0.499 -0.899  0.678 -1.208  1.239 -0.454
 -1.796 -0.501 -0.9   -0.677]
q_head = [-0.     0.029]
marker_right =
[[ 0.003  1.     0.029  0.106]
 [-1.     0.002  0.013  0.007]
 [ 0.013 -0.029  0.999  0.219]
 [ 0.     0.     0.     1.   ]]
marker_left =
[[-0.116 -0.991  0.068 -0.085]
 [ 0.99  -0.11   0.093  0.016]
 [-0.085  0.078  0.993  0.203]
 [ 0.     0.     0.     1.   ]]

--- Captured Sample ---
q_arm = [-1.123 -1.203  0.389 -1.835  0.454 -0.802  0.732 -1.123  1.202 -0.387
 -1.835 -0.457 -0.803 -0.73 ]
q_head = [-0.     0.029]
marker_right =
[[ 0.132  0.99   0.038  0.108]
 [-0.991  0.132  0.021  0.001]
 [ 0.016 -0.04   0.999  0.22 ]
 [ 0.     0.     0.     1.   ]]
marker_left =
[[ 0.017 -0.997  0.079 -0.085]
 [ 0.996  0.024  0.089  0.009]
 [-0.091  0.077  0.993  0.203]
 [ 0.     0.     0.     1.   ]]

--- Captured Sample ---
q_arm = [-1.096 -1.186  0.367 -1.848  0.441 -0.772  0.75  -1.095  1.185 -0.365
 -1.848 -0.443 -0.772 -0.748]
q_head = [-0.     0.029]
marker_right =
[[ 0.175  0.984  0.04   0.109]
 [-0.984  0.174  0.024 -0.001]
 [ 0.017 -0.044  0.999  0.22 ]
 [ 0.     0.     0.     1.   ]]
marker_left =
[[ 0.061 -0.995  0.083 -0.085]
 [ 0.994  0.069  0.088  0.007]
 [-0.093  0.077  0.993  0.203]
 [ 0.     0.     0.     1.   ]]

--- Captured Sample ---
q_arm = [-1.156 -1.225  0.423 -1.822  0.455 -0.83   0.681 -1.146  1.21  -0.401
 -1.822 -0.482 -0.838 -0.747]
q_head = [-0.     0.029]
marker_right =
[[ 0.09   0.995  0.032  0.107]
 [-0.994  0.088  0.062  0.001]
 [ 0.059 -0.038  0.998  0.22 ]
 [ 0.     0.     0.     1.   ]]
marker_left =
[[-0.025 -0.997  0.076 -0.085]
 [ 0.999 -0.021  0.047  0.014]
 [-0.046  0.078  0.996  0.203]
 [ 0.     0.     0.     1.   ]]

--- Captured Sample ---
q_arm = [-1.161 -1.231  0.433 -1.822  0.443 -0.826  0.647 -1.142  1.203 -0.391
 -1.822 -0.493 -0.841 -0.781]
q_head = [-0.     0.029]
marker_right =
[[ 0.091  0.995  0.029  0.108]
 [-0.991  0.088  0.105 -0.001]
 [ 0.102 -0.038  0.994  0.22 ]
 [ 0.     0.     0.     1.   ]]
marker_left =
[[-0.022 -0.997  0.077 -0.085]
 [ 1.    -0.021  0.004  0.016]
 [-0.002  0.077  0.997  0.203]
 [ 0.     0.     0.     1.   ]]

--- Captured Sample ---
q_arm = [-1.147 -1.211  0.403 -1.822  0.479 -0.837  0.749 -1.156  1.223 -0.421
 -1.822 -0.457 -0.831 -0.679]
q_head = [-0.     0.029]
marker_right =
[[ 0.088  0.995  0.038  0.107]
 [-0.996  0.089 -0.025  0.005]
 [-0.029 -0.036  0.999  0.219]
 [ 0.     0.     0.     1.   ]]
marker_left =
[[-0.03  -0.997  0.074 -0.085]
 [ 0.991 -0.02   0.134  0.009]
 [-0.132  0.078  0.988  0.203]
 [ 0.     0.     0.     1.   ]]

--- Captured Sample ---
q_arm = [-1.143 -1.204  0.393 -1.822  0.491 -0.841  0.783 -1.16   1.23  -0.43
 -1.822 -0.445 -0.827 -0.645]
q_head = [-0.     0.029]
marker_right =
[[ 0.087  0.995  0.041  0.107]
 [-0.994  0.09  -0.069  0.007]
 [-0.072 -0.035  0.997  0.219]
 [ 0.     0.     0.     1.   ]]
marker_left =
[[-0.033 -0.997  0.073 -0.085]
 [ 0.984 -0.02   0.177  0.006]
 [-0.175  0.078  0.981  0.204]
 [ 0.     0.     0.     1.   ]]

--- Captured Sample ---
q_arm = [-1.114 -1.241  0.377 -1.809  0.44  -0.875  0.736 -1.189  1.193 -0.448
 -1.832 -0.497 -0.794 -0.692]
q_head = [-0.048  0.03 ]
marker_right =
[[ 0.09   0.996 -0.011  0.11 ]
 [-0.996  0.09   0.017  0.003]
 [ 0.018  0.009  1.     0.225]
 [ 0.     0.     0.     1.   ]]
marker_left =
[[-0.026 -0.999  0.027 -0.081]
 [ 0.996 -0.023  0.091  0.011]
 [-0.091  0.029  0.995  0.199]
 [ 0.     0.     0.     1.   ]]

--- Captured Sample ---
q_arm = [-1.078 -1.263  0.342 -1.792  0.413 -0.917  0.757 -1.227  1.168 -0.485
 -1.839 -0.525 -0.755 -0.67 ]
q_head = [-0.096  0.03 ]
marker_right =
[[ 0.09   0.994 -0.058  0.112]
 [-0.996  0.091  0.016  0.003]
 [ 0.021  0.056  0.998  0.232]
 [ 0.     0.     0.     1.   ]]
marker_left =
[[-0.024 -0.999 -0.023 -0.078]
 [ 0.996 -0.026  0.091  0.012]
 [-0.092 -0.021  0.996  0.195]
 [ 0.     0.     0.     1.   ]]

--- Captured Sample ---
q_arm = [-1.19  -1.194  0.449 -1.832  0.495 -0.793  0.694 -1.114  1.24  -0.376
 -1.809 -0.441 -0.875 -0.735]
q_head = [0.047 0.03 ]
marker_right =
[[ 0.089  0.993  0.081  0.104]
 [-0.996  0.087  0.018  0.003]
 [ 0.011 -0.082  0.997  0.215]
 [ 0.     0.     0.     1.   ]]
marker_left =
[[-0.029 -0.992  0.123 -0.088]
 [ 0.996 -0.018  0.09   0.011]
 [-0.087  0.125  0.988  0.208]
 [ 0.     0.     0.     1.   ]]

--- Captured Sample ---
q_arm = [-1.228 -1.169  0.487 -1.839  0.523 -0.754  0.672 -1.078  1.263 -0.342
 -1.792 -0.414 -0.917 -0.756]
q_head = [0.096 0.03 ]
marker_right =
[[ 0.088  0.988  0.128  0.101]
 [-0.996  0.086  0.018  0.003]
 [ 0.007 -0.129  0.992  0.211]
 [ 0.     0.     0.     1.   ]]
marker_left =
[[-0.031 -0.985  0.173 -0.091]
 [ 0.996 -0.015  0.089  0.011]
 [-0.085  0.175  0.981  0.215]
 [ 0.     0.     0.     1.   ]]

--- Captured Sample ---
q_arm = [-1.1   -1.218  0.406 -1.856  0.467 -0.818  0.746 -1.1    1.217 -0.404
 -1.856 -0.469 -0.818 -0.745]
q_head = [0.001 0.077]
marker_right =
[[ 0.09   0.995  0.039  0.108]
 [-0.995  0.091 -0.029  0.006]
 [-0.032 -0.037  0.999  0.217]
 [ 0.     0.     0.     1.   ]]
marker_left =
[[-0.025 -0.997  0.077 -0.085]
 [ 0.999 -0.022  0.044  0.014]
 [-0.042  0.078  0.996  0.201]
 [ 0.     0.     0.     1.   ]]

--- Captured Sample ---
q_arm = [-1.05  -1.215  0.4   -1.887  0.469 -0.804  0.777 -1.049  1.215 -0.398
 -1.887 -0.471 -0.805 -0.776]
q_head = [-0.     0.125]
marker_right =
[[ 0.09   0.995  0.042  0.108]
 [-0.993  0.093 -0.076  0.008]
 [-0.08  -0.034  0.996  0.216]
 [ 0.     0.     0.     1.   ]]
marker_left =
[[-0.023 -0.997  0.077 -0.085]
 [ 1.    -0.023 -0.004  0.017]
 [ 0.006  0.077  0.997  0.2  ]
 [ 0.     0.     0.     1.   ]]

--- Captured Sample ---
q_arm = [-1.205 -1.217  0.423 -1.785  0.466 -0.85   0.687 -1.204  1.217 -0.422
 -1.785 -0.467 -0.851 -0.685]
q_head = [-0.    -0.016]
marker_right =
[[ 0.089  0.996  0.032  0.107]
 [-0.994  0.087  0.063  0.   ]
 [ 0.06  -0.038  0.997  0.222]
 [ 0.     0.     0.     1.   ]]
marker_left =
[[-0.03  -0.997  0.075 -0.085]
 [ 0.991 -0.019  0.136  0.008]
 [-0.134  0.078  0.988  0.206]
 [ 0.     0.     0.     1.   ]]

--- Captured Sample ---
q_arm = [-1.259 -1.214  0.433 -1.745  0.467 -0.869  0.658 -1.258  1.213 -0.432
 -1.745 -0.469 -0.87  -0.657]
q_head = [-0.    -0.063]
marker_right =
[[ 0.088  0.996  0.029  0.107]
 [-0.99   0.084  0.11  -0.002]
 [ 0.107 -0.039  0.994  0.226]
 [ 0.     0.     0.     1.   ]]
marker_left =
[[-0.032 -0.997  0.074 -0.084]
 [ 0.983 -0.018  0.182  0.005]
 [-0.18   0.079  0.981  0.21 ]
 [ 0.     0.     0.     1.   ]]

--- Captured Sample ---
q_arm = [-1.153 -1.219  0.415 -1.822  0.464 -0.833  0.717 -1.152  1.218 -0.413
 -1.822 -0.466 -0.833 -0.716]
q_head = [-0.086  0.012]
marker_right =
[[ 0.087  0.995 -0.051  0.084]
 [-0.995  0.089  0.036  0.008]
 [ 0.04   0.047  0.998  0.228]
 [ 0.     0.     0.     1.   ]]
marker_left =
[[-0.019 -1.    -0.01  -0.106]
 [ 0.994 -0.02   0.109  0.016]
 [-0.109 -0.008  0.994  0.195]
 [ 0.     0.     0.     1.   ]]

--- Captured Sample ---
q_arm = [-1.153 -1.219  0.415 -1.822  0.464 -0.833  0.717 -1.152  1.218 -0.413
 -1.822 -0.466 -0.833 -0.716]
q_head = [0.08  0.012]
marker_right =
[[ 0.09   0.989  0.115  0.128]
 [-0.996  0.087  0.035  0.007]
 [ 0.025 -0.118  0.993  0.212]
 [ 0.     0.     0.     1.   ]]
marker_left =
[[-0.035 -0.987  0.155 -0.065]
 [ 0.994 -0.018  0.108  0.016]
 [-0.104  0.158  0.982  0.211]
 [ 0.     0.     0.     1.   ]]

--- Captured Sample ---
q_arm = [-1.153 -1.219  0.415 -1.822  0.464 -0.833  0.717 -1.152  1.219 -0.413
 -1.822 -0.466 -0.833 -0.716]
q_head = [ 0.004 -0.071]
marker_right =
[[ 0.089  0.995  0.039  0.108]
 [-0.989  0.084  0.118  0.03 ]
 [ 0.114 -0.049  0.992  0.223]
 [ 0.     0.     0.     1.   ]]
marker_left =
[[-0.028 -0.996  0.079 -0.084]
 [ 0.982 -0.012  0.19   0.037]
 [-0.188  0.083  0.979  0.207]
 [ 0.     0.     0.     1.   ]]

--- Captured Sample ---
q_arm = [-1.153 -1.219  0.415 -1.822  0.464 -0.833  0.717 -1.152  1.218 -0.413
 -1.822 -0.466 -0.833 -0.716]
q_head = [-0.     0.092]
marker_right =
[[ 0.089  0.995  0.036  0.107]
 [-0.995  0.091 -0.045 -0.014]
 [-0.048 -0.031  0.998  0.216]
 [ 0.     0.     0.     1.   ]]
marker_left =
[[-0.027 -0.997  0.075 -0.085]
 [ 0.999 -0.025  0.028 -0.004]
 [-0.026  0.076  0.997  0.2  ]
 [ 0.     0.     0.     1.   ]]

--- Captured Sample ---
q_arm = [-1.196 -1.219  0.415 -1.822  0.464 -0.833  0.717 -1.196  1.219 -0.413
 -1.822 -0.466 -0.833 -0.716]
q_head = [-0.     0.049]
marker_right =
[[ 0.089  0.996  0.021  0.103]
 [-0.995  0.09  -0.042 -0.014]
 [-0.044 -0.017  0.999  0.209]
 [ 0.     0.     0.     1.   ]]
marker_left =
[[-0.028 -0.996  0.09  -0.081]
 [ 0.999 -0.025  0.031 -0.004]
 [-0.028  0.091  0.995  0.193]
 [ 0.     0.     0.     1.   ]]

--- Captured Sample ---
q_arm = [-1.24  -1.219  0.415 -1.822  0.464 -0.833  0.717 -1.239  1.219 -0.413
 -1.822 -0.466 -0.833 -0.716]
q_head = [-0.  0.]
marker_right =
[[ 0.089  0.996  0.006  0.099]
 [-0.995  0.089 -0.035 -0.013]
 [-0.035 -0.003  0.999  0.203]
 [ 0.     0.     0.     1.   ]]
marker_left =
[[-0.028 -0.994  0.105 -0.077]
 [ 0.999 -0.024  0.038 -0.003]
 [-0.035  0.106  0.994  0.187]
 [ 0.     0.     0.     1.   ]]

--- Captured Sample ---
q_arm = [-1.109 -1.219  0.415 -1.822  0.464 -0.833  0.717 -1.109  1.219 -0.413
 -1.822 -0.466 -0.833 -0.716]
q_head = [-0.     0.141]
marker_right =
[[ 0.09   0.995  0.05   0.112]
 [-0.994  0.093 -0.052 -0.015]
 [-0.057 -0.045  0.997  0.222]
 [ 0.     0.     0.     1.   ]]
marker_left =
[[-0.026 -0.998  0.061 -0.089]
 [ 0.999 -0.025  0.02  -0.006]
 [-0.019  0.061  0.998  0.206]
 [ 0.     0.     0.     1.   ]]

--- Captured Sample ---
q_arm = [-1.065 -1.219  0.415 -1.822  0.464 -0.833  0.717 -1.065  1.219 -0.413
 -1.822 -0.466 -0.833 -0.716]
q_head = [-0.     0.187]
marker_right =
[[ 0.092  0.994  0.065  0.116]
 [-0.994  0.096 -0.057 -0.017]
 [-0.063 -0.059  0.996  0.228]
 [ 0.     0.     0.     1.   ]]
marker_left =
[[-0.025 -0.999  0.046 -0.093]
 [ 1.    -0.024  0.015 -0.008]
 [-0.014  0.046  0.999  0.213]
 [ 0.     0.     0.     1.   ]]

--- Captured Sample ---
q_arm = [-1.153 -1.263  0.415 -1.822  0.464 -0.833  0.717 -1.152  1.175 -0.413
 -1.822 -0.466 -0.833 -0.716]
q_head = [-0.     0.097]
marker_right =
[[ 0.071  0.995  0.073  0.115]
 [-0.995  0.076 -0.063 -0.017]
 [-0.068 -0.068  0.995  0.217]
 [ 0.     0.     0.     1.   ]]
marker_left =
[[-0.014 -0.993  0.114 -0.078]
 [ 0.999 -0.01   0.036 -0.004]
 [-0.035  0.115  0.993  0.197]
 [ 0.     0.     0.     1.   ]]

--- Captured Sample ---
q_arm = [-1.153 -1.307  0.415 -1.822  0.464 -0.833  0.717 -1.152  1.131 -0.413
 -1.822 -0.466 -0.833 -0.716]
q_head = [-0.     0.096]
marker_right =
[[ 0.053  0.992  0.11   0.123]
 [-0.995  0.062 -0.077 -0.019]
 [-0.083 -0.106  0.991  0.219]
 [ 0.     0.     0.     1.   ]]
marker_left =
[[-0.001 -0.988  0.153 -0.071]
 [ 0.999  0.007  0.049 -0.002]
 [-0.049  0.153  0.987  0.194]
 [ 0.     0.     0.     1.   ]]

--- Captured Sample ---
q_arm = [-1.153 -1.176  0.415 -1.822  0.464 -0.833  0.717 -1.152  1.262 -0.413
 -1.822 -0.466 -0.833 -0.716]
q_head = [-0.     0.096]
marker_right =
[[ 0.106  0.994 -0.002  0.099]
 [-0.994  0.106 -0.035 -0.013]
 [-0.034  0.006  0.999  0.213]
 [ 0.     0.     0.     1.   ]]
marker_left =
[[-0.041 -0.998  0.037 -0.092]
 [ 0.999 -0.041  0.012 -0.007]
 [-0.01   0.037  0.999  0.202]
 [ 0.     0.     0.     1.   ]]

--- Captured Sample ---
q_arm = [-1.153 -1.132  0.415 -1.822  0.464 -0.833  0.717 -1.152  1.306 -0.413
 -1.822 -0.466 -0.833 -0.716]
q_head = [-0.     0.096]
marker_right =
[[ 0.123  0.992 -0.04   0.092]
 [-0.992  0.122 -0.022 -0.011]
 [-0.017  0.043  0.999  0.21 ]
 [ 0.     0.     0.     1.   ]]
marker_left =
[[-0.056 -0.998 -0.002 -0.1  ]
 [ 0.998 -0.056 -0.002 -0.009]
 [ 0.002 -0.002  1.     0.204]
 [ 0.     0.     0.     1.   ]]

--- Captured Sample ---
q_arm = [-1.153 -1.219  0.415 -1.822  0.421 -0.833  0.717 -1.152  1.219 -0.413
 -1.822 -0.51  -0.833 -0.716]
q_head = [-0.     0.096]
marker_right =
[[ 0.11   0.994  0.011  0.109]
 [-0.994  0.11  -0.018 -0.019]
 [-0.019 -0.009  1.     0.211]
 [ 0.     0.     0.     1.   ]]
marker_left =
[[-0.046 -0.998  0.05  -0.083]
 [ 0.999 -0.047 -0.004 -0.   ]
 [ 0.006  0.05   0.999  0.204]
 [ 0.     0.     0.     1.   ]]

--- Captured Sample ---
q_arm = [-1.153 -1.219  0.415 -1.822  0.377 -0.833  0.717 -1.152  1.219 -0.413
 -1.822 -0.553 -0.833 -0.716]
q_head = [-0.     0.096]
marker_right =
[[ 0.13   0.991 -0.014  0.111]
 [-0.991  0.13   0.011 -0.025]
 [ 0.013  0.013  1.     0.208]
 [ 0.     0.     0.     1.   ]]
marker_left =
[[-0.066 -0.998  0.025 -0.082]
 [ 0.997 -0.067 -0.033  0.005]
 [ 0.035  0.022  0.999  0.209]
 [ 0.     0.     0.     1.   ]]

--- Captured Sample ---
q_arm = [-1.153 -1.219  0.415 -1.822  0.508 -0.833  0.717 -1.152  1.219 -0.413
 -1.822 -0.422 -0.833 -0.716]
q_head = [-0.     0.096]
marker_right =
[[ 0.068  0.996  0.059  0.106]
 [-0.994  0.072 -0.079 -0.01 ]
 [-0.083 -0.054  0.995  0.219]
 [ 0.     0.     0.     1.   ]]
marker_left =
[[-0.009 -0.995  0.102 -0.087]
 [ 0.999 -0.004  0.053 -0.011]
 [-0.052  0.102  0.993  0.195]
 [ 0.     0.     0.     1.   ]]

--- Captured Sample ---
q_arm = [-1.153 -1.219  0.415 -1.822  0.552 -0.833  0.717 -1.152  1.218 -0.414
 -1.822 -0.379 -0.833 -0.716]
q_head = [-0.     0.096]
marker_right =
[[ 0.045  0.996  0.082  0.105]
 [-0.993  0.054 -0.109 -0.005]
 [-0.113 -0.077  0.991  0.224]
 [ 0.     0.     0.     1.   ]]
marker_left =
[[ 0.008 -0.992  0.128 -0.089]
 [ 0.997  0.018  0.08  -0.016]
 [-0.082  0.127  0.989  0.191]
 [ 0.     0.     0.     1.   ]]

--- Captured Sample ---
q_arm = [-1.153 -1.219  0.415 -1.822  0.464 -0.833  0.717 -1.152  1.219 -0.413
 -1.822 -0.466 -0.833 -0.716]
q_head = [-0.     0.096]
marker_right =
[[ 0.089  0.995  0.036  0.107]
 [-0.995  0.091 -0.048 -0.015]
 [-0.051 -0.031  0.998  0.215]
 [ 0.     0.     0.     1.   ]]
marker_left =
[[-0.027 -0.997  0.075 -0.085]
 [ 0.999 -0.026  0.025 -0.005]
 [-0.023  0.076  0.997  0.2  ]
 [ 0.     0.     0.     1.   ]]

--- Captured Sample ---
q_arm = [-1.212 -1.123  0.45  -1.649  0.472 -0.957  0.775 -1.204  1.168 -0.465
 -1.705 -0.51  -0.858 -0.735]
q_head = [-0.     0.044]
marker_right =
[[ 0.084  0.996 -0.006  0.107]
 [-0.996  0.084  0.     0.001]
 [ 0.001  0.006  1.     0.247]
 [ 0.     0.     0.     1.   ]]
marker_left =
[[-0.026 -0.999  0.033 -0.081]
 [ 0.997 -0.023  0.076  0.008]
 [-0.075  0.035  0.997  0.234]
 [ 0.     0.     0.     1.   ]]

--- Captured Sample ---
q_arm = [-1.218 -1.101  0.444 -1.621  0.454 -1.006  0.793 -1.203  1.192 -0.476
 -1.732 -0.531 -0.808 -0.711]
q_head = [-0.     0.044]
marker_right =
[[ 0.084  0.995 -0.049  0.109]
 [-0.996  0.084 -0.     0.001]
 [ 0.004  0.049  0.999  0.245]
 [ 0.     0.     0.     1.   ]]
marker_left =
[[-0.024 -1.    -0.012 -0.078]
 [ 0.997 -0.024  0.077  0.008]
 [-0.078 -0.01   0.997  0.237]
 [ 0.     0.     0.     1.   ]]

--- Captured Sample ---
q_arm = [-1.204 -1.169  0.465 -1.705  0.51  -0.858  0.735 -1.211  1.122 -0.448
 -1.649 -0.473 -0.957 -0.774]
q_head = [-0.     0.043]
marker_right =
[[ 0.084  0.993  0.08   0.104]
 [-0.996  0.084  0.004  0.001]
 [-0.003 -0.08   0.997  0.251]
 [ 0.     0.     0.     1.   ]]
marker_left =
[[-0.03  -0.992  0.122 -0.086]
 [ 0.997 -0.021  0.075  0.008]
 [-0.072  0.124  0.99   0.23 ]
 [ 0.     0.     0.     1.   ]]

--- Captured Sample ---
q_arm = [-1.204 -1.193  0.476 -1.732  0.531 -0.808  0.712 -1.217  1.1   -0.443
 -1.621 -0.455 -1.006 -0.792]
q_head = [-0.     0.044]
marker_right =
[[ 0.084  0.989  0.122  0.102]
 [-0.996  0.084  0.005  0.   ]
 [-0.006 -0.122  0.993  0.253]
 [ 0.     0.     0.     1.   ]]
marker_left =
[[-0.033 -0.986  0.166 -0.089]
 [ 0.997 -0.02   0.074  0.007]
 [-0.069  0.168  0.983  0.228]
 [ 0.     0.     0.     1.   ]]

--- Captured Sample ---
q_arm = [-1.234 -1.157  0.479 -1.664  0.506 -0.939  0.74  -1.234  1.156 -0.477
 -1.664 -0.508 -0.939 -0.738]
q_head = [-0.     0.044]
marker_right =
