# Joint_6_Angle(deg), Cam_X(mm), Cam_Y(mm), Cam_Z(mm), Torso_X(mm), Torso_Y(mm), Torso_Z(mm), EE_X(mm), EE_Y(mm), EE_Z(mm), T_cam2marker_flat(16), T_torso2marker_flat(16), T_ee2marker_flat(16)
-19.9994, 50.5911, -0.1892, 217.8937, 239.8937, -50.5913, 200.1867, 11.3366, -105.2387, 19.1540, 0.954291, -0.012109, -0.298632, 0.050591, -0.008220, 0.997738, -0.066724, -0.000189, 0.298765, 0.066128, 0.952033, 0.217894, 0.000000, 0.000000, 0.000000, 1.000000, 0.298766, 0.065781, 0.952056, 0.239894, -0.954292, 0.012109, 0.298631, -0.050591, 0.008115, -0.997761, 0.066392, 0.200187, 0.000000, 0.000000, 0.000000, 1.000000, -0.996206, 0.086116, -0.012595, 0.011337, -0.013239, -0.006918, 0.999888, -0.105239, 0.086019, 0.996261, 0.008032, 0.019154, 0.000000, 0.000000, 0.000000, 1.000000
-19.9998, 50.5923, -0.1942, 217.8914, 239.8914, -50.5926, 200.1917, 11.3367, -105.2394, 19.1534, 0.954290, -0.012115, -0.298638, 0.050592, -0.008218, 0.997737, -0.066739, -0.000194, 0.298770, 0.066142, 0.952030, 0.217891, 0.000000, 0.000000, 0.000000, 1.000000, 0.298772, 0.065794, 0.952054, 0.239891, -0.954290, 0.012115, 0.298636, -0.050593, 0.008114, -0.997760, 0.066407, 0.200192, 0.000000, 0.000000, 0.000000, 1.000000, -0.996206, 0.086116, -0.012595, 0.011337, -0.013240, -0.006918, 0.999888, -0.105239, 0.086019, 0.996261, 0.008032, 0.019153, 0.000000, 0.000000, 0.000000, 1.000000
-20.0002, 50.5937, -0.1999, 217.8887, 239.8887, -50.5940, 200.1974, 11.3368, -105.2402, 19.1526, 0.954288, -0.012123, -0.298644, 0.050594, -0.008217, 0.997736, -0.066756, -0.000200, 0.298777, 0.066158, 0.952027, 0.217889, 0.000000, 0.000000, 0.000000, 1.000000, 0.298778, 0.065810, 0.952051, 0.239889, -0.954288, 0.012122, 0.298642, -0.050594, 0.008113, -0.997759, 0.066424, 0.200197, 0.000000, 0.000000, 0.000000, 1.000000, -0.996205, 0.086116, -0.012595, 0.011337, -0.013240, -0.006918, 0.999888, -0.105240, 0.086019, 0.996261, 0.008032, 0.019153, 0.000000, 0.000000, 0.000000, 1.000000
-20.0004, 50.5949, -0.2054, 217.8861, 239.8861, -50.5952, 200.2030, 11.3368, -105.2410, 19.1519, 0.954287, -0.012129, -0.298647, 0.050595, -0.008215, 0.997734, -0.066772, -0.000205, 0.298780, 0.066173, 0.952025, 0.217886, 0.000000, 0.000000, 0.000000, 1.000000, 0.298782, 0.065825, 0.952049, 0.239886, -0.954287, 0.012129, 0.298646, -0.050595, 0.008111, -0.997757, 0.066440, 0.200203, 0.000000, 0.000000, 0.000000, 1.000000, -0.996205, 0.086116, -0.012595, 0.011337, -0.013240, -0.006918, 0.999888, -0.105241, 0.086019, 0.996261, 0.008031, 0.019152, 0.000000, 0.000000, 0.000000, 1.000000
-19.9996, 50.5949, -0.2087, 217.8842, 239.8842, -50.5952, 200.2063, 11.3359, -105.2417, 19.1514, 0.954291, -0.012134, -0.298634, 0.050595, -0.008212, 0.997734, -0.066782, -0.000209, 0.298767, 0.066182, 0.952028, 0.217884, 0.000000, 0.000000, 0.000000, 1.000000, 0.298769, 0.065834, 0.952052, 0.239884, -0.954291, 0.012134, 0.298633, -0.050595, 0.008108, -0.997757, 0.066450, 0.200206, 0.000000, 0.000000, 0.000000, 1.000000, -0.996205, 0.086116, -0.012595, 0.011336, -0.013240, -0.006919, 0.999888, -0.105242, 0.086019, 0.996261, 0.008033, 0.019151, 0.000000, 0.000000, 0.000000, 1.000000
-19.9983, 50.5940, -0.2100, 217.8832, 239.8832, -50.5943, 200.2077, 11.3347, -105.2421, 19.1511, 0.954297, -0.012136, -0.298612, 0.050594, -0.008210, 0.997734, -0.066786, -0.000210, 0.298746, 0.066185, 0.952035, 0.217883, 0.000000, 0.000000, 0.000000, 1.000000, 0.298748, 0.065838, 0.952058, 0.239883, -0.954298, 0.012136, 0.298611, -0.050594, 0.008106, -0.997757, 0.066455, 0.200208, 0.000000, 0.000000, 0.000000, 1.000000, -0.996205, 0.086116, -0.012595, 0.011335, -0.013240, -0.006921, 0.999888, -0.105242, 0.086019, 0.996261, 0.008035, 0.019151, 0.000000, 0.000000, 0.000000, 1.000000
-19.9970, 50.5930, -0.2107, 217.8825, 239.8824, -50.5933, 200.2084, 11.3335, -105.2425, 19.1509, 0.954304, -0.012137, -0.298590, 0.050593, -0.008208, 0.997733, -0.066788, -0.000211, 0.298724, 0.066187, 0.952042, 0.217882, 0.000000, 0.000000, 0.000000, 1.000000, 0.298726, 0.065840, 0.952065, 0.239882, -0.954305, 0.012137, 0.298589, -0.050593, 0.008104, -0.997756, 0.066457, 0.200208, 0.000000, 0.000000, 0.000000, 1.000000, -0.996206, 0.086116, -0.012595, 0.011333, -0.013240, -0.006923, 0.999888, -0.105242, 0.086019, 0.996261, 0.008037, 0.019151, 0.000000, 0.000000, 0.000000, 1.000000
-19.9962, 50.5923, -0.2109, 217.8821, 239.8821, -50.5926, 200.2087, 11.3327, -105.2426, 19.1508, 0.954308, -0.012137, -0.298577, 0.050592, -0.008207, 0.997733, -0.066789, -0.000211, 0.298711, 0.066188, 0.952046, 0.217882, 0.000000, 0.000000, 0.000000, 1.000000, 0.298712, 0.065841, 0.952069, 0.239882, -0.954309, 0.012137, 0.298576, -0.050593, 0.008103, -0.997756, 0.066458, 0.200209, 0.000000, 0.000000, 0.000000, 1.000000, -0.996206, 0.086116, -0.012595, 0.011333, -0.013240, -0.006924, 0.999888, -0.105243, 0.086019, 0.996261, 0.008038, 0.019151, 0.000000, 0.000000, 0.000000, 1.000000
-19.9942, 50.5906, -0.2113, 217.8813, 239.8813, -50.5909, 200.2091, 11.3309, -105.2431, 19.1505, 0.954319, -0.012138, -0.298544, 0.050591, -0.008205, 0.997733, -0.066791, -0.000211, 0.298678, 0.066189, 0.952056, 0.217881, 0.000000, 0.000000, 0.000000, 1.000000, 0.298680, 0.065842, 0.952079, 0.239881, -0.954319, 0.012138, 0.298543, -0.050591, 0.008101, -0.997756, 0.066460, 0.200209, 0.000000, 0.000000, 0.000000, 1.000000, -0.996206, 0.086115, -0.012595, 0.011331, -0.013241, -0.006927, 0.999888, -0.105243, 0.086019, 0.996261, 0.008041, 0.019151, 0.000000, 0.000000, 0.000000, 1.000000
-19.9917, 50.5885, -0.2115, 217.8805, 239.8805, -50.5887, 200.2093, 11.3287, -105.2435, 19.1503, 0.954331, -0.012138, -0.298503, 0.050588, -0.008202, 0.997733, -0.066792, -0.000212, 0.298637, 0.066189, 0.952069, 0.217880, 0.000000, 0.000000, 0.000000, 1.000000, 0.298639, 0.065843, 0.952092, 0.239880, -0.954332, 0.012138, 0.298502, -0.050589, 0.008098, -0.997756, 0.066461, 0.200209, 0.000000, 0.000000, 0.000000, 1.000000, -0.996206, 0.086115, -0.012595, 0.011329, -0.013241, -0.006931, 0.999888, -0.105244, 0.086018, 0.996261, 0.008045, 0.019150, 0.000000, 0.000000, 0.000000, 1.000000
-19.9887, 50.5858, -0.2116, 217.8796, 239.8796, -50.5861, 200.2094, 11.3260, -105.2441, 19.1501, 0.954347, -0.012138, -0.298453, 0.050586, -0.008198, 0.997733, -0.066792, -0.000212, 0.298587, 0.066190, 0.952084, 0.217880, 0.000000, 0.000000, 0.000000, 1.000000, 0.298589, 0.065843, 0.952108, 0.239880, -0.954347, 0.012138, 0.298452, -0.050586, 0.008094, -0.997756, 0.066462, 0.200209, 0.000000, 0.000000, 0.000000, 1.000000, -0.996206, 0.086115, -0.012595, 0.011326, -0.013241, -0.006936, 0.999888, -0.105244, 0.086018, 0.996261, 0.008050, 0.019150, 0.000000, 0.000000, 0.000000, 1.000000
-19.9870, 50.5842, -0.2115, 217.8791, 239.8791, -50.5845, 200.2094, 11.3245, -105.2444, 19.1499, 0.954356, -0.012138, -0.298425, 0.050584, -0.008196, 0.997733, -0.066792, -0.000212, 0.298559, 0.066189, 0.952093, 0.217879, 0.000000, 0.000000, 0.000000, 1.000000, 0.298560, 0.065843, 0.952117, 0.239879, -0.954356, 0.012138, 0.298423, -0.050585, 0.008092, -0.997756, 0.066462, 0.200209, 0.000000, 0.000000, 0.000000, 1.000000, -0.996206, 0.086114, -0.012595, 0.011324, -0.013241, -0.006938, 0.999888, -0.105244, 0.086017, 0.996261, 0.008052, 0.019150, 0.000000, 0.000000, 0.000000, 1.000000
-19.9831, 50.5807, -0.2113, 217.8780, 239.8780, -50.5810, 200.2093, 11.3209, -105.2450, 19.1496, 0.954376, -0.012138, -0.298359, 0.050581, -0.008191, 0.997733, -0.066792, -0.000211, 0.298494, 0.066189, 0.952114, 0.217878, 0.000000, 0.000000, 0.000000, 1.000000, 0.298495, 0.065843, 0.952137, 0.239878, -0.954377, 0.012138, 0.298358, -0.050581, 0.008088, -0.997756, 0.066462, 0.200209, 0.000000, 0.000000, 0.000000, 1.000000, -0.996206, 0.086114, -0.012594, 0.011321, -0.013241, -0.006944, 0.999888, -0.105245, 0.086017, 0.996261, 0.008058, 0.019150, 0.000000, 0.000000, 0.000000, 1.000000
-19.9808, 50.5787, -0.2112, 217.8775, 239.8774, -50.5790, 200.2092, 11.3189, -105.2454, 19.1494, 0.954388, -0.012138, -0.298322, 0.050579, -0.008189, 0.997733, -0.066792, -0.000211, 0.298457, 0.066188, 0.952125, 0.217877, 0.000000, 0.000000, 0.000000, 1.000000, 0.298458, 0.065843, 0.952149, 0.239877, -0.954388, 0.012138, 0.298321, -0.050579, 0.008085, -0.997756, 0.066462, 0.200209, 0.000000, 0.000000, 0.000000, 1.000000, -0.996206, 0.086113, -0.012594, 0.011319, -0.013241, -0.006948, 0.999888, -0.105245, 0.086016, 0.996261, 0.008062, 0.019149, 0.000000, 0.000000, 0.000000, 1.000000
-19.9759, 50.5742, -0.2108, 217.8762, 239.8762, -50.5745, 200.2089, 11.3145, -105.2462, 19.1491, 0.954414, -0.012138, -0.298241, 0.050574, -0.008183, 0.997733, -0.066792, -0.000211, 0.298375, 0.066187, 0.952151, 0.217876, 0.000000, 0.000000, 0.000000, 1.000000, 0.298377, 0.065842, 0.952174, 0.239876, -0.954414, 0.012138, 0.298239, -0.050574, 0.008080, -0.997756, 0.066462, 0.200209, 0.000000, 0.000000, 0.000000, 1.000000, -0.996206, 0.086113, -0.012594, 0.011315, -0.013242, -0.006955, 0.999888, -0.105246, 0.086015, 0.996261, 0.008069, 0.019149, 0.000000, 0.000000, 0.000000, 1.000000
-19.9732, 50.5717, -0.2106, 217.8755, 239.8755, -50.5720, 200.2087, 11.3121, -105.2467, 19.1489, 0.954428, -0.012137, -0.298195, 0.050572, -0.008180, 0.997733, -0.066791, -0.000211, 0.298330, 0.066187, 0.952165, 0.217876, 0.000000, 0.000000, 0.000000, 1.000000, 0.298332, 0.065842, 0.952189, 0.239876, -0.954428, 0.012137, 0.298194, -0.050572, 0.008077, -0.997756, 0.066462, 0.200209, 0.000000, 0.000000, 0.000000, 1.000000, -0.996206, 0.086112, -0.012594, 0.011312, -0.013242, -0.006959, 0.999888, -0.105247, 0.086015, 0.996261, 0.008073, 0.019149, 0.000000, 0.000000, 0.000000, 1.000000
-19.9673, 50.5663, -0.2101, 217.8741, 239.8741, -50.5666, 200.2082, 11.3067, -105.2477, 19.1485, 0.954459, -0.012137, -0.298096, 0.050566, -0.008173, 0.997734, -0.066791, -0.000210, 0.298231, 0.066185, 0.952196, 0.217874, 0.000000, 0.000000, 0.000000, 1.000000, 0.298233, 0.065840, 0.952220, 0.239874, -0.954459, 0.012137, 0.298095, -0.050567, 0.008070, -0.997756, 0.066461, 0.200208, 0.000000, 0.000000, 0.000000, 1.000000, -0.996206, 0.086111, -0.012593, 0.011307, -0.013242, -0.006969, 0.999888, -0.105248, 0.086014, 0.996261, 0.008082, 0.019148, 0.000000, 0.000000, 0.000000, 1.000000
-19.9606, 50.5602, -0.2095, 217.8725, 239.8725, -50.5605, 200.2077, 11.3008, -105.2487, 19.1480, 0.954493, -0.012136, -0.297986, 0.050560, -0.008165, 0.997734, -0.066790, -0.000209, 0.298121, 0.066183, 0.952231, 0.217873, 0.000000, 0.000000, 0.000000, 1.000000, 0.298123, 0.065839, 0.952254, 0.239873, -0.954494, 0.012136, 0.297985, -0.050560, 0.008062, -0.997756, 0.066461, 0.200208, 0.000000, 0.000000, 0.000000, 1.000000, -0.996206, 0.086110, -0.012593, 0.011301, -0.013243, -0.006979, 0.999888, -0.105249, 0.086013, 0.996261, 0.008093, 0.019148, 0.000000, 0.000000, 0.000000, 1.000000
-19.9532, 50.5535, -0.2088, 217.8708, 239.8707, -50.5537, 200.2070, 11.2942, -105.2500, 19.1475, 0.954531, -0.012135, -0.297863, 0.050553, -0.008157, 0.997734, -0.066789, -0.000209, 0.297999, 0.066181, 0.952269, 0.217871, 0.000000, 0.000000, 0.000000, 1.000000, 0.298000, 0.065837, 0.952293, 0.239871, -0.954532, 0.012135, 0.297862, -0.050554, 0.008054, -0.997757, 0.066460, 0.200207, 0.000000, 0.000000, 0.000000, 1.000000, -0.996206, 0.086109, -0.012592, 0.011294, -0.013243, -0.006990, 0.999888, -0.105250, 0.086012, 0.996261, 0.008104, 0.019147, 0.000000, 0.000000, 0.000000, 1.000000
-19.9452, 50.5461, -0.2080, 217.8688, 239.8688, -50.5464, 200.2064, 11.2870, -105.2513, 19.1469, 0.954573, -0.012134, -0.297729, 0.050546, -0.008148, 0.997734, -0.066787, -0.000208, 0.297865, 0.066179, 0.952311, 0.217869, 0.000000, 0.000000, 0.000000, 1.000000, 0.297867, 0.065835, 0.952335, 0.239869, -0.954574, 0.012134, 0.297728, -0.050546, 0.008045, -0.997757, 0.066459, 0.200206, 0.000000, 0.000000, 0.000000, 1.000000, -0.996206, 0.086108, -0.012592, 0.011287, -0.013244, -0.007002, 0.999888, -0.105251, 0.086010, 0.996261, 0.008116, 0.019147, 0.000000, 0.000000, 0.000000, 1.000000
-19.9365, 50.5381, -0.2072, 217.8668, 239.8668, -50.5384, 200.2057, 11.2792, -105.2527, 19.1463, 0.954618, -0.012133, -0.297585, 0.050538, -0.008138, 0.997734, -0.066786, -0.000207, 0.297721, 0.066177, 0.952357, 0.217867, 0.000000, 0.000000, 0.000000, 1.000000, 0.297722, 0.065834, 0.952380, 0.239867, -0.954619, 0.012133, 0.297583, -0.050538, 0.008036, -0.997757, 0.066458, 0.200206, 0.000000, 0.000000, 0.000000, 1.000000, -0.996206, 0.086107, -0.012591, 0.011279, -0.013244, -0.007016, 0.999888, -0.105253, 0.086009, 0.996261, 0.008129, 0.019146, 0.000000, 0.000000, 0.000000, 1.000000
-19.9319, 50.5339, -0.2068, 217.8657, 239.8657, -50.5342, 200.2053, 11.2751, -105.2534, 19.1460, 0.954642, -0.012133, -0.297508, 0.050534, -0.008133, 0.997734, -0.066785, -0.000207, 0.297644, 0.066176, 0.952381, 0.217866, 0.000000, 0.000000, 0.000000, 1.000000, 0.297646, 0.065833, 0.952404, 0.239866, -0.954643, 0.012133, 0.297507, -0.050534, 0.008031, -0.997757, 0.066458, 0.200205, 0.000000, 0.000000, 0.000000, 1.000000, -0.996206, 0.086106, -0.012591, 0.011275, -0.013245, -0.007023, 0.999888, -0.105253, 0.086008, 0.996261, 0.008136, 0.019146, 0.000000, 0.000000, 0.000000, 1.000000
-19.9222, 50.5250, -0.2060, 217.8634, 239.8634, -50.5253, 200.2045, 11.2664, -105.2550, 19.1453, 0.954693, -0.012131, -0.297346, 0.050525, -0.008122, 0.997734, -0.066784, -0.000206, 0.297483, 0.066173, 0.952431, 0.217863, 0.000000, 0.000000, 0.000000, 1.000000, 0.297484, 0.065830, 0.952454, 0.239863, -0.954693, 0.012131, 0.297345, -0.050525, 0.008020, -0.997757, 0.066457, 0.200205, 0.000000, 0.000000, 0.000000, 1.000000, -0.996207, 0.086104, -0.012590, 0.011266, -0.013245, -0.007038, 0.999888, -0.105255, 0.086006, 0.996261, 0.008151, 0.019145, 0.000000, 0.000000, 0.000000, 1.000000
-19.9171, 50.5204, -0.2055, 217.8621, 239.8621, -50.5207, 200.2041, 11.2618, -105.2559, 19.1449, 0.954719, -0.012131, -0.297261, 0.050520, -0.008116, 0.997734, -0.066784, -0.000206, 0.297398, 0.066172, 0.952458, 0.217862, 0.000000, 0.000000, 0.000000, 1.000000, 0.297400, 0.065829, 0.952481, 0.239862, -0.954719, 0.012131, 0.297260, -0.050521, 0.008014, -0.997757, 0.066456, 0.200204, 0.000000, 0.000000, 0.000000, 1.000000, -0.996207, 0.086104, -0.012590, 0.011262, -0.013245, -0.007045, 0.999887, -0.105256, 0.086005, 0.996261, 0.008159, 0.019145, 0.000000, 0.000000, 0.000000, 1.000000
-19.9064, 50.5106, -0.2047, 217.8596, 239.8596, -50.5109, 200.2034, 11.2522, -105.2576, 19.1442, 0.954774, -0.012130, -0.297084, 0.050511, -0.008104, 0.997735, -0.066782, -0.000205, 0.297221, 0.066170, 0.952513, 0.217860, 0.000000, 0.000000, 0.000000, 1.000000, 0.297222, 0.065827, 0.952536, 0.239860, -0.954775, 0.012130, 0.297082, -0.050511, 0.008002, -0.997757, 0.066455, 0.200203, 0.000000, 0.000000, 0.000000, 1.000000, -0.996207, 0.086102, -0.012589, 0.011252, -0.013246, -0.007062, 0.999887, -0.105258, 0.086003, 0.996261, 0.008175, 0.019144, 0.000000, 0.000000, 0.000000, 1.000000
-19.9008, 50.5055, -0.2043, 217.8582, 239.8582, -50.5058, 200.2030, 11.2472, -105.2585, 19.1438, 0.954803, -0.012129, -0.296991, 0.050506, -0.008098, 0.997735, -0.066782, -0.000204, 0.297128, 0.066169, 0.952542, 0.217858, 0.000000, 0.000000, 0.000000, 1.000000, 0.297130, 0.065826, 0.952565, 0.239858, -0.954804, 0.012129, 0.296990, -0.050506, 0.007996, -0.997757, 0.066455, 0.200203, 0.000000, 0.000000, 0.000000, 1.000000, -0.996207, 0.086101, -0.012589, 0.011247, -0.013246, -0.007070, 0.999887, -0.105259, 0.086002, 0.996261, 0.008184, 0.019144, 0.000000, 0.000000, 0.000000, 1.000000
-19.8833, 50.4895, -0.2030, 217.8539, 239.8539, -50.4898, 200.2018, 11.2315, -105.2614, 19.1425, 0.954894, -0.012127, -0.296698, 0.050489, -0.008078, 0.997735, -0.066780, -0.000203, 0.296836, 0.066165, 0.952634, 0.217854, 0.000000, 0.000000, 0.000000, 1.000000, 0.296837, 0.065823, 0.952657, 0.239854, -0.954895, 0.012127, 0.296697, -0.050490, 0.007977, -0.997758, 0.066454, 0.200202, 0.000000, 0.000000, 0.000000, 1.000000, -0.996207, 0.086098, -0.012588, 0.011231, -0.013248, -0.007097, 0.999887, -0.105261, 0.085999, 0.996261, 0.008211, 0.019142, 0.000000, 0.000000, 0.000000, 1.000000
-19.8645, 50.4723, -0.2018, 217.8493, 239.8493, -50.4726, 200.2007, 11.2146, -105.2646, 19.1411, 0.954992, -0.012125, -0.296385, 0.050472, -0.008057, 0.997735, -0.066779, -0.000202, 0.296523, 0.066161, 0.952731, 0.217849, 0.000000, 0.000000, 0.000000, 1.000000, 0.296525, 0.065820, 0.952754, 0.239849, -0.954992, 0.012125, 0.296384, -0.050473, 0.007956, -0.997758, 0.066453, 0.200201, 0.000000, 0.000000, 0.000000, 1.000000, -0.996207, 0.086096, -0.012586, 0.011215, -0.013249, -0.007126, 0.999887, -0.105265, 0.085996, 0.996261, 0.008240, 0.019141, 0.000000, 0.000000, 0.000000, 1.000000
-19.8580, 50.4664, -0.2014, 217.8477, 239.8477, -50.4667, 200.2004, 11.2088, -105.2656, 19.1406, 0.955025, -0.012125, -0.296276, 0.050466, -0.008050, 0.997735, -0.066778, -0.000201, 0.296415, 0.066160, 0.952765, 0.217848, 0.000000, 0.000000, 0.000000, 1.000000, 0.296417, 0.065819, 0.952788, 0.239848, -0.955026, 0.012125, 0.296275, -0.050467, 0.007948, -0.997758, 0.066453, 0.200200, 0.000000, 0.000000, 0.000000, 1.000000, -0.996207, 0.086095, -0.012586, 0.011209, -0.013249, -0.007136, 0.999887, -0.105266, 0.085995, 0.996261, 0.008250, 0.019141, 0.000000, 0.000000, 0.000000, 1.000000
-19.8446, 50.4542, -0.2006, 217.8444, 239.8444, -50.4545, 200.1997, 11.1968, -105.2679, 19.1396, 0.955094, -0.012123, -0.296054, 0.050454, -0.008035, 0.997736, -0.066778, -0.000201, 0.296193, 0.066158, 0.952834, 0.217844, 0.000000, 0.000000, 0.000000, 1.000000, 0.296195, 0.065817, 0.952857, 0.239844, -0.955095, 0.012123, 0.296053, -0.050455, 0.007934, -0.997758, 0.066453, 0.200200, 0.000000, 0.000000, 0.000000, 1.000000, -0.996208, 0.086092, -0.012585, 0.011197, -0.013250, -0.007156, 0.999887, -0.105268, 0.085993, 0.996261, 0.008270, 0.019140, 0.000000, 0.000000, 0.000000, 1.000000
-19.8378, 50.4480, -0.2002, 217.8427, 239.8426, -50.4483, 200.1994, 11.1907, -105.2690, 19.1391, 0.955130, -0.012123, -0.295940, 0.050448, -0.008027, 0.997736, -0.066777, -0.000200, 0.296080, 0.066157, 0.952869, 0.217843, 0.000000, 0.000000, 0.000000, 1.000000, 0.296081, 0.065816, 0.952893, 0.239843, -0.955130, 0.012123, 0.295939, -0.050448, 0.007926, -0.997758, 0.066453, 0.200199, 0.000000, 0.000000, 0.000000, 1.000000, -0.996208, 0.086091, -0.012585, 0.011191, -0.013250, -0.007167, 0.999887, -0.105269, 0.085991, 0.996261, 0.008280, 0.019139, 0.000000, 0.000000, 0.000000, 1.000000
-19.8238, 50.4353, -0.1995, 217.8391, 239.8391, -50.4356, 200.1988, 11.1782, -105.2713, 19.1380, 0.955202, -0.012122, -0.295708, 0.050435, -0.008011, 0.997736, -0.066777, -0.000200, 0.295848, 0.066154, 0.952942, 0.217839, 0.000000, 0.000000, 0.000000, 1.000000, 0.295849, 0.065815, 0.952965, 0.239839, -0.955202, 0.012121, 0.295706, -0.050436, 0.007911, -0.997758, 0.066453, 0.200199, 0.000000, 0.000000, 0.000000, 1.000000, -0.996208, 0.086089, -0.012584, 0.011178, -0.013251, -0.007188, 0.999886, -0.105271, 0.085989, 0.996262, 0.008302, 0.019138, 0.000000, 0.000000, 0.000000, 1.000000
-19.8167, 50.4288, -0.1992, 217.8373, 239.8373, -50.4291, 200.1985, 11.1718, -105.2725, 19.1375, 0.955238, -0.012121, -0.295589, 0.050429, -0.008003, 0.997736, -0.066777, -0.000199, 0.295729, 0.066153, 0.952979, 0.217837, 0.000000, 0.000000, 0.000000, 1.000000, 0.295731, 0.065814, 0.953002, 0.239837, -0.955239, 0.012121, 0.295588, -0.050429, 0.007903, -0.997758, 0.066453, 0.200199, 0.000000, 0.000000, 0.000000, 1.000000, -0.996208, 0.086088, -0.012583, 0.011172, -0.013252, -0.007199, 0.999886, -0.105273, 0.085988, 0.996262, 0.008313, 0.019137, 0.000000, 0.000000, 0.000000, 1.000000
-19.8022, 50.4157, -0.1985, 217.8337, 239.8336, -50.4159, 200.1980, 11.1588, -105.2750, 19.1364, 0.955313, -0.012120, -0.295348, 0.050416, -0.007987, 0.997736, -0.066777, -0.000199, 0.295488, 0.066151, 0.953053, 0.217834, 0.000000, 0.000000, 0.000000, 1.000000, 0.295490, 0.065812, 0.953076, 0.239834, -0.955313, 0.012120, 0.295346, -0.050416, 0.007886, -0.997758, 0.066453, 0.200198, 0.000000, 0.000000, 0.000000, 1.000000, -0.996208, 0.086086, -0.012582, 0.011159, -0.013253, -0.007221, 0.999886, -0.105275, 0.085985, 0.996262, 0.008335, 0.019136, 0.000000, 0.000000, 0.000000, 1.000000
-19.7875, 50.4022, -0.1979, 217.8299, 239.8299, -50.4025, 200.1975, 11.1455, -105.2775, 19.1352, 0.955389, -0.012119, -0.295101, 0.050402, -0.007970, 0.997736, -0.066777, -0.000198, 0.295242, 0.066150, 0.953130, 0.217830, 0.000000, 0.000000, 0.000000, 1.000000, 0.295244, 0.065811, 0.953153, 0.239830, -0.955390, 0.012119, 0.295100, -0.050403, 0.007870, -0.997759, 0.066453, 0.200197, 0.000000, 0.000000, 0.000000, 1.000000, -0.996208, 0.086084, -0.012581, 0.011146, -0.013254, -0.007244, 0.999886, -0.105277, 0.085983, 0.996262, 0.008357, 0.019135, 0.000000, 0.000000, 0.000000, 1.000000
-19.7800, 50.3954, -0.1977, 217.8280, 239.8279, -50.3957, 200.1972, 11.1388, -105.2787, 19.1347, 0.955428, -0.012118, -0.294977, 0.050395, -0.007962, 0.997736, -0.066777, -0.000198, 0.295118, 0.066149, 0.953168, 0.217828, 0.000000, 0.000000, 0.000000, 1.000000, 0.295119, 0.065810, 0.953191, 0.239828, -0.955428, 0.012118, 0.294975, -0.050396, 0.007862, -0.997759, 0.066453, 0.200197, 0.000000, 0.000000, 0.000000, 1.000000, -0.996209, 0.086082, -0.012581, 0.011139, -0.013254, -0.007255, 0.999886, -0.105279, 0.085981, 0.996262, 0.008369, 0.019135, 0.000000, 0.000000, 0.000000, 1.000000
-19.7572, 50.3748, -0.1969, 217.8221, 239.8221, -50.3751, 200.1966, 11.1184, -105.2826, 19.1329, 0.955545, -0.012117, -0.294597, 0.050375, -0.007936, 0.997736, -0.066777, -0.000197, 0.294740, 0.066146, 0.953285, 0.217822, 0.000000, 0.000000, 0.000000, 1.000000, 0.294741, 0.065809, 0.953308, 0.239822, -0.955545, 0.012117, 0.294596, -0.050375, 0.007836, -0.997759, 0.066454, 0.200197, 0.000000, 0.000000, 0.000000, 1.000000, -0.996209, 0.086079, -0.012579, 0.011118, -0.013255, -0.007290, 0.999886, -0.105283, 0.085977, 0.996262, 0.008404, 0.019133, 0.000000, 0.000000, 0.000000, 1.000000
-19.7419, 50.3609, -0.1964, 217.8181, 239.8181, -50.3612, 200.1963, 11.1046, -105.2852, 19.1317, 0.955624, -0.012116, -0.294341, 0.050361, -0.007919, 0.997736, -0.066777, -0.000196, 0.294484, 0.066145, 0.953365, 0.217818, 0.000000, 0.000000, 0.000000, 1.000000, 0.294485, 0.065808, 0.953387, 0.239818, -0.955624, 0.012116, 0.294340, -0.050361, 0.007819, -0.997759, 0.066455, 0.200196, 0.000000, 0.000000, 0.000000, 1.000000, -0.996209, 0.086076, -0.012578, 0.011105, -0.013256, -0.007314, 0.999885, -0.105285, 0.085974, 0.996262, 0.008427, 0.019132, 0.000000, 0.000000, 0.000000, 1.000000
-19.7342, 50.3534, -0.1933, 217.8174, 239.8174, -50.3537, 200.1932, 11.0978, -105.2860, 19.1315, 0.955663, -0.012112, -0.294213, 0.050353, -0.007911, 0.997737, -0.066769, -0.000193, 0.294356, 0.066136, 0.953405, 0.217817, 0.000000, 0.000000, 0.000000, 1.000000, 0.294357, 0.065799, 0.953428, 0.239817, -0.955663, 0.012112, 0.294212, -0.050354, 0.007811, -0.997759, 0.066447, 0.200193, 0.000000, 0.000000, 0.000000, 1.000000, -0.996209, 0.086075, -0.012577, 0.011098, -0.013257, -0.007325, 0.999885, -0.105286, 0.085973, 0.996262, 0.008439, 0.019131, 0.000000, 0.000000, 0.000000, 1.000000
-19.7187, 50.3384, -0.1875, 217.8159, 239.8159, -50.3387, 200.1874, 11.0841, -105.2878, 19.1310, 0.955742, -0.012105, -0.293956, 0.050338, -0.007895, 0.997738, -0.066754, -0.000188, 0.294099, 0.066120, 0.953485, 0.217816, 0.000000, 0.000000, 0.000000, 1.000000, 0.294101, 0.065783, 0.953508, 0.239816, -0.955743, 0.012104, 0.293955, -0.050339, 0.007796, -0.997761, 0.066432, 0.200187, 0.000000, 0.000000, 0.000000, 1.000000, -0.996209, 0.086073, -0.012576, 0.011084, -0.013258, -0.007349, 0.999885, -0.105288, 0.085970, 0.996262, 0.008462, 0.019131, 0.000000, 0.000000, 0.000000, 1.000000
-19.7110, 50.3309, -0.1848, 217.8151, 239.8150, -50.3312, 200.1848, 11.0773, -105.2888, 19.1307, 0.955782, -0.012101, -0.293828, 0.050331, -0.007887, 0.997739, -0.066747, -0.000185, 0.293971, 0.066113, 0.953525, 0.217815, 0.000000, 0.000000, 0.000000, 1.000000, 0.293972, 0.065776, 0.953548, 0.239815, -0.955782, 0.012101, 0.293826, -0.050331, 0.007788, -0.997761, 0.066425, 0.200185, 0.000000, 0.000000, 0.000000, 1.000000, -0.996210, 0.086071, -0.012576, 0.011077, -0.013258, -0.007361, 0.999885, -0.105289, 0.085969, 0.996262, 0.008474, 0.019131, 0.000000, 0.000000, 0.000000, 1.000000
-19.6956, 50.3161, -0.1800, 217.8131, 239.8131, -50.3164, 200.1799, 11.0636, -105.2907, 19.1301, 0.955861, -0.012095, -0.293571, 0.050316, -0.007871, 0.997740, -0.066734, -0.000180, 0.293714, 0.066100, 0.953605, 0.217813, 0.000000, 0.000000, 0.000000, 1.000000, 0.293716, 0.065763, 0.953628, 0.239813, -0.955861, 0.012095, 0.293569, -0.050316, 0.007772, -0.997762, 0.066413, 0.200180, 0.000000, 0.000000, 0.000000, 1.000000, -0.996210, 0.086069, -0.012575, 0.011064, -0.013259, -0.007384, 0.999885, -0.105291, 0.085966, 0.996262, 0.008497, 0.019130, 0.000000, 0.000000, 0.000000, 1.000000
-19.6802, 50.3015, -0.1758, 217.8109, 239.8109, -50.3018, 200.1758, 11.0499, -105.2927, 19.1294, 0.955940, -0.012090, -0.293314, 0.050301, -0.007855, 0.997741, -0.066724, -0.000176, 0.293458, 0.066088, 0.953685, 0.217811, 0.000000, 0.000000, 0.000000, 1.000000, 0.293460, 0.065751, 0.953708, 0.239811, -0.955940, 0.012089, 0.293313, -0.050302, 0.007756, -0.997763, 0.066402, 0.200176, 0.000000, 0.000000, 0.000000, 1.000000, -0.996210, 0.086066, -0.012573, 0.011050, -0.013260, -0.007408, 0.999885, -0.105293, 0.085963, 0.996262, 0.008521, 0.019129, 0.000000, 0.000000, 0.000000, 1.000000
-19.6725, 50.2942, -0.1739, 217.8097, 239.8097, -50.2945, 200.1740, 11.0431, -105.2938, 19.1290, 0.955979, -0.012087, -0.293187, 0.050294, -0.007847, 0.997741, -0.066719, -0.000174, 0.293331, 0.066083, 0.953724, 0.217810, 0.000000, 0.000000, 0.000000, 1.000000, 0.293332, 0.065746, 0.953747, 0.239810, -0.955979, 0.012087, 0.293185, -0.050295, 0.007748, -0.997763, 0.066398, 0.200174, 0.000000, 0.000000, 0.000000, 1.000000, -0.996210, 0.086065, -0.012573, 0.011043, -0.013260, -0.007419, 0.999885, -0.105294, 0.085962, 0.996262, 0.008532, 0.019129, 0.000000, 0.000000, 0.000000, 1.000000
-19.6572, 50.2799, -0.1707, 217.8071, 239.8071, -50.2802, 200.1708, 11.0295, -105.2959, 19.1282, 0.956057, -0.012083, -0.292932, 0.050280, -0.007831, 0.997742, -0.066712, -0.000171, 0.293077, 0.066074, 0.953803, 0.217807, 0.000000, 0.000000, 0.000000, 1.000000, 0.293078, 0.065738, 0.953826, 0.239807, -0.956057, 0.012083, 0.292931, -0.050280, 0.007732, -0.997764, 0.066390, 0.200171, 0.000000, 0.000000, 0.000000, 1.000000, -0.996210, 0.086063, -0.012572, 0.011029, -0.013261, -0.007443, 0.999884, -0.105296, 0.085959, 0.996262, 0.008556, 0.019128, 0.000000, 0.000000, 0.000000, 1.000000
-19.6346, 50.2588, -0.1671, 217.8027, 239.8027, -50.2591, 200.1673, 11.0093, -105.2992, 19.1268, 0.956173, -0.012078, -0.292555, 0.050259, -0.007806, 0.997742, -0.066704, -0.000167, 0.292700, 0.066064, 0.953919, 0.217803, 0.000000, 0.000000, 0.000000, 1.000000, 0.292701, 0.065728, 0.953942, 0.239803, -0.956173, 0.012078, 0.292553, -0.050259, 0.007708, -0.997764, 0.066382, 0.200167, 0.000000, 0.000000, 0.000000, 1.000000, -0.996211, 0.086059, -0.012570, 0.011009, -0.013262, -0.007477, 0.999884, -0.105299, 0.085955, 0.996262, 0.008590, 0.019127, 0.000000, 0.000000, 0.000000, 1.000000
-19.6197, 50.2451, -0.1655, 217.7995, 239.7994, -50.2454, 200.1657, 10.9960, -105.3016, 19.1258, 0.956248, -0.012075, -0.292307, 0.050245, -0.007790, 0.997743, -0.066700, -0.000166, 0.292452, 0.066059, 0.953996, 0.217799, 0.000000, 0.000000, 0.000000, 1.000000, 0.292454, 0.065724, 0.954019, 0.239799, -0.956249, 0.012075, 0.292305, -0.050245, 0.007691, -0.997765, 0.066379, 0.200166, 0.000000, 0.000000, 0.000000, 1.000000, -0.996211, 0.086056, -0.012569, 0.010996, -0.013263, -0.007500, 0.999884, -0.105302, 0.085952, 0.996262, 0.008613, 0.019126, 0.000000, 0.000000, 0.000000, 1.000000
-19.6124, 50.2383, -0.1649, 217.7978, 239.7977, -50.2386, 200.1651, 10.9894, -105.3027, 19.1253, 0.956286, -0.012074, -0.292184, 0.050238, -0.007782, 0.997743, -0.066700, -0.000165, 0.292330, 0.066058, 0.954033, 0.217798, 0.000000, 0.000000, 0.000000, 1.000000, 0.292331, 0.065722, 0.954056, 0.239798, -0.956286, 0.012074, 0.292183, -0.050239, 0.007683, -0.997765, 0.066379, 0.200165, 0.000000, 0.000000, 0.000000, 1.000000, -0.996211, 0.086055, -0.012569, 0.010989, -0.013264, -0.007511, 0.999884, -0.105303, 0.085951, 0.996262, 0.008624, 0.019125, 0.000000, 0.000000, 0.000000, 1.000000
-19.5979, 50.2251, -0.1642, 217.7942, 239.7942, -50.2254, 200.1644, 10.9764, -105.3051, 19.1242, 0.956360, -0.012073, -0.291942, 0.050225, -0.007766, 0.997743, -0.066699, -0.000164, 0.292088, 0.066055, 0.954108, 0.217794, 0.000000, 0.000000, 0.000000, 1.000000, 0.292090, 0.065720, 0.954130, 0.239794, -0.956360, 0.012073, 0.291941, -0.050225, 0.007667, -0.997765, 0.066378, 0.200164, 0.000000, 0.000000, 0.000000, 1.000000, -0.996211, 0.086053, -0.012568, 0.010976, -0.013265, -0.007533, 0.999884, -0.105305, 0.085948, 0.996262, 0.008646, 0.019124, 0.000000, 0.000000, 0.000000, 1.000000
-19.5907, 50.2186, -0.1640, 217.7924, 239.7924, -50.2189, 200.1642, 10.9700, -105.3063, 19.1236, 0.956396, -0.012072, -0.291822, 0.050219, -0.007758, 0.997743, -0.066699, -0.000164, 0.291969, 0.066055, 0.954144, 0.217792, 0.000000, 0.000000, 0.000000, 1.000000, 0.291970, 0.065719, 0.954167, 0.239792, -0.956397, 0.012072, 0.291821, -0.050219, 0.007659, -0.997765, 0.066379, 0.200164, 0.000000, 0.000000, 0.000000, 1.000000, -0.996211, 0.086052, -0.012567, 0.010970, -0.013265, -0.007544, 0.999884, -0.105306, 0.085947, 0.996262, 0.008657, 0.019124, 0.000000, 0.000000, 0.000000, 1.000000
-19.5766, 50.2059, -0.1640, 217.7886, 239.7886, -50.2061, 200.1643, 10.9573, -105.3087, 19.1224, 0.956468, -0.012072, -0.291587, 0.050206, -0.007742, 0.997743, -0.066701, -0.000164, 0.291734, 0.066054, 0.954216, 0.217789, 0.000000, 0.000000, 0.000000, 1.000000, 0.291735, 0.065719, 0.954239, 0.239789, -0.956469, 0.012072, 0.291585, -0.050206, 0.007644, -0.997765, 0.066380, 0.200164, 0.000000, 0.000000, 0.000000, 1.000000, -0.996212, 0.086049, -0.012566, 0.010957, -0.013266, -0.007566, 0.999883, -0.105309, 0.085944, 0.996262, 0.008679, 0.019122, 0.000000, 0.000000, 0.000000, 1.000000
-19.5628, 50.1935, -0.1644, 217.7847, 239.7847, -50.1937, 200.1648, 10.9448, -105.3111, 19.1212, 0.956539, -0.012072, -0.291355, 0.050193, -0.007726, 0.997743, -0.066703, -0.000164, 0.291503, 0.066055, 0.954286, 0.217785, 0.000000, 0.000000, 0.000000, 1.000000, 0.291504, 0.065721, 0.954309, 0.239785, -0.956539, 0.012072, 0.291354, -0.050194, 0.007628, -0.997765, 0.066383, 0.200165, 0.000000, 0.000000, 0.000000, 1.000000, -0.996212, 0.086047, -0.012565, 0.010945, -0.013267, -0.007587, 0.999883, -0.105311, 0.085942, 0.996262, 0.008700, 0.019121, 0.000000, 0.000000, 0.000000, 1.000000
-19.5560, 50.1874, -0.1648, 217.7827, 239.7827, -50.1877, 200.1652, 10.9387, -105.3124, 19.1206, 0.956573, -0.012072, -0.291242, 0.050187, -0.007718, 0.997743, -0.066705, -0.000165, 0.291390, 0.066056, 0.954321, 0.217783, 0.000000, 0.000000, 0.000000, 1.000000, 0.291391, 0.065722, 0.954344, 0.239783, -0.956574, 0.012072, 0.291240, -0.050188, 0.007620, -0.997765, 0.066385, 0.200165, 0.000000, 0.000000, 0.000000, 1.000000, -0.996212, 0.086046, -0.012565, 0.010939, -0.013267, -0.007598, 0.999883, -0.105312, 0.085941, 0.996262, 0.008710, 0.019121, 0.000000, 0.000000, 0.000000, 1.000000
-19.5426, 50.1755, -0.1658, 217.7787, 239.7787, -50.1758, 200.1663, 10.9266, -105.3148, 19.1194, 0.956641, -0.012072, -0.291018, 0.050175, -0.007703, 0.997743, -0.066710, -0.000166, 0.291167, 0.066059, 0.954389, 0.217779, 0.000000, 0.000000, 0.000000, 1.000000, 0.291168, 0.065725, 0.954412, 0.239779, -0.956642, 0.012072, 0.291017, -0.050176, 0.007605, -0.997765, 0.066390, 0.200166, 0.000000, 0.000000, 0.000000, 1.000000, -0.996212, 0.086044, -0.012564, 0.010927, -0.013268, -0.007618, 0.999883, -0.105315, 0.085938, 0.996262, 0.008731, 0.019119, 0.000000, 0.000000, 0.000000, 1.000000
-19.5169, 50.1528, -0.1688, 217.7704, 239.7704, -50.1531, 200.1694, 10.9033, -105.3197, 19.1168, 0.956772, -0.012075, -0.290587, 0.050153, -0.007672, 0.997742, -0.066721, -0.000169, 0.290737, 0.066067, 0.954519, 0.217770, 0.000000, 0.000000, 0.000000, 1.000000, 0.290738, 0.065733, 0.954542, 0.239770, -0.956773, 0.012075, 0.290586, -0.050153, 0.007575, -0.997764, 0.066402, 0.200169, 0.000000, 0.000000, 0.000000, 1.000000, -0.996213, 0.086040, -0.012562, 0.010903, -0.013270, -0.007658, 0.999883, -0.105320, 0.085933, 0.996262, 0.008770, 0.019117, 0.000000, 0.000000, 0.000000, 1.000000
-19.5106, 50.1473, -0.1697, 217.7683, 239.7683, -50.1476, 200.1704, 10.8976, -105.3208, 19.1162, 0.956804, -0.012076, -0.290483, 0.050147, -0.007665, 0.997742, -0.066725, -0.000170, 0.290633, 0.066069, 0.954551, 0.217768, 0.000000, 0.000000, 0.000000, 1.000000, 0.290634, 0.065735, 0.954573, 0.239768, -0.956804, 0.012076, 0.290482, -0.050148, 0.007568, -0.997764, 0.066406, 0.200170, 0.000000, 0.000000, 0.000000, 1.000000, -0.996213, 0.086039, -0.012562, 0.010898, -0.013270, -0.007667, 0.999883, -0.105321, 0.085932, 0.996262, 0.008780, 0.019116, 0.000000, 0.000000, 0.000000, 1.000000
-19.4985, 50.1367, -0.1717, 217.7641, 239.7641, -50.1370, 200.1724, 10.8866, -105.3232, 19.1149, 0.956866, -0.012078, -0.290280, 0.050137, -0.007651, 0.997742, -0.066732, -0.000172, 0.290430, 0.066074, 0.954612, 0.217764, 0.000000, 0.000000, 0.000000, 1.000000, 0.290431, 0.065741, 0.954635, 0.239764, -0.956866, 0.012077, 0.290279, -0.050137, 0.007554, -0.997764, 0.066413, 0.200172, 0.000000, 0.000000, 0.000000, 1.000000, -0.996213, 0.086037, -0.012561, 0.010887, -0.013271, -0.007686, 0.999882, -0.105323, 0.085930, 0.996262, 0.008799, 0.019115, 0.000000, 0.000000, 0.000000, 1.000000
-19.4926, 50.1315, -0.1727, 217.7621, 239.7621, -50.1318, 200.1735, 10.8812, -105.3244, 19.1143, 0.956896, -0.012079, -0.290181, 0.050132, -0.007644, 0.997741, -0.066735, -0.000173, 0.290331, 0.066077, 0.954642, 0.217762, 0.000000, 0.000000, 0.000000, 1.000000, 0.290333, 0.065744, 0.954665, 0.239762, -0.956896, 0.012078, 0.290179, -0.050132, 0.007547, -0.997763, 0.066417, 0.200173, 0.000000, 0.000000, 0.000000, 1.000000, -0.996213, 0.086036, -0.012561, 0.010881, -0.013272, -0.007695, 0.999882, -0.105324, 0.085929, 0.996262, 0.008808, 0.019114, 0.000000, 0.000000, 0.000000, 1.000000
-19.4810, 50.1215, -0.1749, 217.7580, 239.7579, -50.1218, 200.1758, 10.8707, -105.3267, 19.1130, 0.956954, -0.012081, -0.289987, 0.050122, -0.007630, 0.997741, -0.066743, -0.000175, 0.290138, 0.066083, 0.954700, 0.217758, 0.000000, 0.000000, 0.000000, 1.000000, 0.290140, 0.065750, 0.954723, 0.239758, -0.956955, 0.012081, 0.289986, -0.050122, 0.007533, -0.997763, 0.066425, 0.200176, 0.000000, 0.000000, 0.000000, 1.000000, -0.996213, 0.086034, -0.012560, 0.010871, -0.013272, -0.007713, 0.999882, -0.105327, 0.085927, 0.996262, 0.008826, 0.019113, 0.000000, 0.000000, 0.000000, 1.000000
-19.4698, 50.1118, -0.1772, 217.7539, 239.7539, -50.1121, 200.1781, 10.8606, -105.3289, 19.1118, 0.957011, -0.012083, -0.289800, 0.050112, -0.007616, 0.997741, -0.066751, -0.000177, 0.289952, 0.066089, 0.954757, 0.217754, 0.000000, 0.000000, 0.000000, 1.000000, 0.289953, 0.065756, 0.954779, 0.239754, -0.957011, 0.012083, 0.289799, -0.050112, 0.007520, -0.997763, 0.066433, 0.200178, 0.000000, 0.000000, 0.000000, 1.000000, -0.996213, 0.086032, -0.012559, 0.010861, -0.013273, -0.007730, 0.999882, -0.105329, 0.085925, 0.996262, 0.008843, 0.019112, 0.000000, 0.000000, 0.000000, 1.000000
-19.4644, 50.1071, -0.1783, 217.7519, 239.7519, -50.1074, 200.1793, 10.8556, -105.3300, 19.1112, 0.957039, -0.012084, -0.289709, 0.050107, -0.007610, 0.997740, -0.066755, -0.000178, 0.289861, 0.066092, 0.954784, 0.217752, 0.000000, 0.000000, 0.000000, 1.000000, 0.289862, 0.065759, 0.954807, 0.239752, -0.957039, 0.012084, 0.289708, -0.050107, 0.007513, -0.997762, 0.066437, 0.200179, 0.000000, 0.000000, 0.000000, 1.000000, -0.996213, 0.086031, -0.012559, 0.010856, -0.013274, -0.007738, 0.999882, -0.105330, 0.085924, 0.996262, 0.008851, 0.019111, 0.000000, 0.000000, 0.000000, 1.000000
-19.4538, 50.0980, -0.1807, 217.7480, 239.7479, -50.0982, 200.1817, 10.8460, -105.3322, 19.1100, 0.957092, -0.012087, -0.289531, 0.050098, -0.007597, 0.997740, -0.066763, -0.000181, 0.289684, 0.066098, 0.954837, 0.217748, 0.000000, 0.000000, 0.000000, 1.000000, 0.289685, 0.065766, 0.954860, 0.239748, -0.957093, 0.012086, 0.289530, -0.050098, 0.007500, -0.997762, 0.066445, 0.200182, 0.000000, 0.000000, 0.000000, 1.000000, -0.996213, 0.086029, -0.012558, 0.010846, -0.013274, -0.007755, 0.999882, -0.105332, 0.085922, 0.996262, 0.008867, 0.019110, 0.000000, 0.000000, 0.000000, 1.000000
-19.4335, 50.0805, -0.1852, 217.7404, 239.7404, -50.0808, 200.1864, 10.8275, -105.3363, 19.1077, 0.957195, -0.012091, -0.289192, 0.050081, -0.007572, 0.997739, -0.066779, -0.000185, 0.289346, 0.066110, 0.954939, 0.217740, 0.000000, 0.000000, 0.000000, 1.000000, 0.289347, 0.065779, 0.954961, 0.239740, -0.957195, 0.012091, 0.289191, -0.050081, 0.007476, -0.997761, 0.066462, 0.200186, 0.000000, 0.000000, 0.000000, 1.000000, -0.996214, 0.086026, -0.012557, 0.010828, -0.013276, -0.007786, 0.999882, -0.105336, 0.085918, 0.996262, 0.008899, 0.019108, 0.000000, 0.000000, 0.000000, 1.000000
-19.4239, 50.0723, -0.1874, 217.7368, 239.7367, -50.0726, 200.1887, 10.8188, -105.3382, 19.1066, 0.957243, -0.012094, -0.289032, 0.050072, -0.007560, 0.997739, -0.066786, -0.000187, 0.289186, 0.066116, 0.954987, 0.217737, 0.000000, 0.000000, 0.000000, 1.000000, 0.289187, 0.065785, 0.955009, 0.239737, -0.957243, 0.012094, 0.289031, -0.050073, 0.007464, -0.997761, 0.066470, 0.200189, 0.000000, 0.000000, 0.000000, 1.000000, -0.996214, 0.086025, -0.012557, 0.010819, -0.013276, -0.007801, 0.999881, -0.105338, 0.085917, 0.996262, 0.008913, 0.019107, 0.000000, 0.000000, 0.000000, 1.000000
-19.4193, 50.0683, -0.1885, 217.7350, 239.7350, -50.0686, 200.1898, 10.8146, -105.3392, 19.1061, 0.957267, -0.012095, -0.288954, 0.050068, -0.007554, 0.997738, -0.066790, -0.000188, 0.289108, 0.066118, 0.955010, 0.217735, 0.000000, 0.000000, 0.000000, 1.000000, 0.289109, 0.065788, 0.955033, 0.239735, -0.957267, 0.012095, 0.288952, -0.050069, 0.007459, -0.997760, 0.066473, 0.200190, 0.000000, 0.000000, 0.000000, 1.000000, -0.996214, 0.086024, -0.012556, 0.010815, -0.013277, -0.007808, 0.999881, -0.105339, 0.085916, 0.996262, 0.008921, 0.019106, 0.000000, 0.000000, 0.000000, 1.000000
-19.4147, 50.0638, -0.1866, 217.7346, 239.7346, -50.0641, 200.1879, 10.8105, -105.3397, 19.1060, 0.957290, -0.012093, -0.288877, 0.050064, -0.007550, 0.997739, -0.066785, -0.000187, 0.289032, 0.066113, 0.955034, 0.217735, 0.000000, 0.000000, 0.000000, 1.000000, 0.289033, 0.065783, 0.955056, 0.239735, -0.957290, 0.012093, 0.288876, -0.050064, 0.007454, -0.997761, 0.066468, 0.200188, 0.000000, 0.000000, 0.000000, 1.000000, -0.996214, 0.086023, -0.012556, 0.010811, -0.013277, -0.007815, 0.999881, -0.105340, 0.085915, 0.996262, 0.008928, 0.019106, 0.000000, 0.000000, 0.000000, 1.000000
-19.4057, 50.0551, -0.1831, 217.7338, 239.7338, -50.0554, 200.1845, 10.8026, -105.3406, 19.1057, 0.957335, -0.012089, -0.288729, 0.050055, -0.007541, 0.997740, -0.066776, -0.000183, 0.288883, 0.066104, 0.955079, 0.217734, 0.000000, 0.000000, 0.000000, 1.000000, 0.288885, 0.065773, 0.955102, 0.239734, -0.957335, 0.012088, 0.288727, -0.050055, 0.007445, -0.997761, 0.066459, 0.200184, 0.000000, 0.000000, 0.000000, 1.000000, -0.996214, 0.086022, -0.012555, 0.010803, -0.013277, -0.007829, 0.999881, -0.105341, 0.085913, 0.996263, 0.008941, 0.019106, 0.000000, 0.000000, 0.000000, 1.000000
