# Joint_4_Angle(deg), Cam_X(mm), Cam_Y(mm), Cam_Z(mm), Torso_X(mm), Torso_Y(mm), Torso_Z(mm), EE_X(mm), EE_Y(mm), EE_Z(mm), T_cam2marker_flat(16), T_torso2marker_flat(16), T_ee2marker_flat(16)
-15.0000, 39.5395, -11.1622, 260.4198, 282.4269, -39.5395, 211.0690, -8.5882, -86.9688, 30.3056, 0.996329, -0.060106, 0.060960, 0.039540, 0.047356, 0.980163, 0.192454, -0.011162, -0.071318, -0.188861, 0.979411, 0.260420, 0.000000, 0.000000, 0.000000, 1.000000, -0.071348, -0.189488, 0.979287, 0.282427, -0.996329, 0.060106, -0.060959, -0.039539, -0.047310, -0.980042, -0.193081, 0.211069, 0.000000, 0.000000, 0.000000, 1.000000, -0.997319, 0.070890, -0.018176, -0.008588, -0.020842, -0.037060, 0.999096, -0.086969, 0.070152, 0.996795, 0.038438, 0.030306, 0.000000, 0.000000, 0.000000, 1.000000
-15.0000, 39.5406, -11.1698, 260.4167, 282.4238, -39.5406, 211.0758, -8.5887, -86.9700, 30.3049, 0.996328, -0.060113, 0.060959, 0.039541, 0.047363, 0.980166, 0.192436, -0.011170, -0.071318, -0.188842, 0.979414, 0.260417, 0.000000, 0.000000, 0.000000, 1.000000, -0.071348, -0.189472, 0.979290, 0.282424, -0.996329, 0.060112, -0.060959, -0.039541, -0.047318, -0.980044, -0.193065, 0.211076, 0.000000, 0.000000, 0.000000, 1.000000, -0.997319, 0.070890, -0.018176, -0.008589, -0.020842, -0.037060, 0.999096, -0.086970, 0.070152, 0.996795, 0.038438, 0.030305, 0.000000, 0.000000, 0.000000, 1.000000
-15.0000, 39.5418, -11.1771, 260.4135, 282.4206, -39.5417, 211.0828, -8.5892, -86.9711, 30.3042, 0.996328, -0.060119, 0.060958, 0.039542, 0.047371, 0.980169, 0.192418, -0.011177, -0.071318, -0.188824, 0.979418, 0.260413, 0.000000, 0.000000, 0.000000, 1.000000, -0.071348, -0.189455, 0.979294, 0.282421, -0.996328, 0.060119, -0.060958, -0.039542, -0.047325, -0.980047, -0.193049, 0.211083, 0.000000, 0.000000, 0.000000, 1.000000, -0.997319, 0.070890, -0.018176, -0.008589, -0.020842, -0.037060, 0.999096, -0.086971, 0.070152, 0.996795, 0.038438, 0.030304, 0.000000, 0.000000, 0.000000, 1.000000
-14.9989, 39.5407, -11.1747, 260.4113, 282.4185, -39.5406, 211.0795, -8.5888, -86.9724, 30.3036, 0.996329, -0.060112, 0.060958, 0.039541, 0.047366, 0.980172, 0.192403, -0.011175, -0.071315, -0.188809, 0.979421, 0.260411, 0.000000, 0.000000, 0.000000, 1.000000, -0.071346, -0.189444, 0.979296, 0.282418, -0.996329, 0.060112, -0.060958, -0.039541, -0.047319, -0.980050, -0.193037, 0.211079, 0.000000, 0.000000, 0.000000, 1.000000, -0.997319, 0.070890, -0.018175, -0.008589, -0.020842, -0.037060, 0.999096, -0.086972, 0.070152, 0.996795, 0.038438, 0.030304, 0.000000, 0.000000, 0.000000, 1.000000
-14.9980, 39.5402, -11.1750, 260.4085, 282.4157, -39.5402, 211.0795, -8.5887, -86.9737, 30.3029, 0.996329, -0.060109, 0.060958, 0.039540, 0.047364, 0.980176, 0.192386, -0.011175, -0.071314, -0.188793, 0.979424, 0.260408, 0.000000, 0.000000, 0.000000, 1.000000, -0.071344, -0.189429, 0.979299, 0.282416, -0.996329, 0.060109, -0.060958, -0.039540, -0.047318, -0.980053, -0.193022, 0.211080, 0.000000, 0.000000, 0.000000, 1.000000, -0.997319, 0.070890, -0.018175, -0.008589, -0.020841, -0.037060, 0.999096, -0.086974, 0.070153, 0.996795, 0.038438, 0.030303, 0.000000, 0.000000, 0.000000, 1.000000
-14.9968, 39.5397, -11.1758, 260.4043, 282.4115, -39.5397, 211.0801, -8.5886, -86.9755, 30.3020, 0.996329, -0.060106, 0.060957, 0.039540, 0.047363, 0.980180, 0.192362, -0.011176, -0.071311, -0.188769, 0.979429, 0.260404, 0.000000, 0.000000, 0.000000, 1.000000, -0.071342, -0.189406, 0.979304, 0.282411, -0.996329, 0.060106, -0.060957, -0.039540, -0.047316, -0.980058, -0.192999, 0.211080, 0.000000, 0.000000, 0.000000, 1.000000, -0.997318, 0.070891, -0.018174, -0.008589, -0.020841, -0.037060, 0.999096, -0.086976, 0.070153, 0.996795, 0.038438, 0.030302, 0.000000, 0.000000, 0.000000, 1.000000
-14.9941, 39.5387, -11.1777, 260.3949, 282.4021, -39.5387, 211.0818, -8.5884, -86.9796, 30.2998, 0.996329, -0.060099, 0.060956, 0.039539, 0.047360, 0.980191, 0.192309, -0.011178, -0.071306, -0.188717, 0.979439, 0.260395, 0.000000, 0.000000, 0.000000, 1.000000, -0.071337, -0.189354, 0.979314, 0.282402, -0.996330, 0.060099, -0.060956, -0.039539, -0.047314, -0.980068, -0.192947, 0.211082, 0.000000, 0.000000, 0.000000, 1.000000, -0.997318, 0.070892, -0.018173, -0.008588, -0.020839, -0.037060, 0.999096, -0.086980, 0.070154, 0.996795, 0.038438, 0.030300, 0.000000, 0.000000, 0.000000, 1.000000
-14.9929, 39.5383, -11.1786, 260.3909, 282.3981, -39.5383, 211.0825, -8.5883, -86.9813, 30.2990, 0.996330, -0.060097, 0.060955, 0.039538, 0.047359, 0.980195, 0.192287, -0.011179, -0.071304, -0.188695, 0.979444, 0.260391, 0.000000, 0.000000, 0.000000, 1.000000, -0.071334, -0.189333, 0.979318, 0.282398, -0.996330, 0.060097, -0.060955, -0.039538, -0.047313, -0.980072, -0.192925, 0.211082, 0.000000, 0.000000, 0.000000, 1.000000, -0.997318, 0.070892, -0.018172, -0.008588, -0.020839, -0.037060, 0.999096, -0.086981, 0.070155, 0.996795, 0.038438, 0.030299, 0.000000, 0.000000, 0.000000, 1.000000
-14.9903, 39.5373, -11.1804, 260.3817, 282.3890, -39.5373, 211.0842, -8.5882, -86.9853, 30.2969, 0.996330, -0.060090, 0.060953, 0.039537, 0.047357, 0.980205, 0.192236, -0.011180, -0.071298, -0.188644, 0.979454, 0.260382, 0.000000, 0.000000, 0.000000, 1.000000, -0.071329, -0.189283, 0.979328, 0.282389, -0.996330, 0.060090, -0.060953, -0.039537, -0.047311, -0.980082, -0.192874, 0.211084, 0.000000, 0.000000, 0.000000, 1.000000, -0.997318, 0.070894, -0.018171, -0.008588, -0.020838, -0.037060, 0.999096, -0.086985, 0.070156, 0.996795, 0.038438, 0.030297, 0.000000, 0.000000, 0.000000, 1.000000
-14.9888, 39.5368, -11.1814, 260.3765, 282.3837, -39.5367, 211.0851, -8.5881, -86.9875, 30.2957, 0.996330, -0.060087, 0.060952, 0.039537, 0.047356, 0.980211, 0.192207, -0.011181, -0.071295, -0.188615, 0.979460, 0.260376, 0.000000, 0.000000, 0.000000, 1.000000, -0.071326, -0.189254, 0.979334, 0.282384, -0.996330, 0.060087, -0.060952, -0.039537, -0.047309, -0.980088, -0.192845, 0.211085, 0.000000, 0.000000, 0.000000, 1.000000, -0.997318, 0.070894, -0.018170, -0.008588, -0.020837, -0.037060, 0.999096, -0.086988, 0.070157, 0.996795, 0.038438, 0.030296, 0.000000, 0.000000, 0.000000, 1.000000
-14.9853, 39.5354, -11.1835, 260.3646, 282.3719, -39.5354, 211.0870, -8.5878, -86.9926, 30.2931, 0.996331, -0.060078, 0.060950, 0.039535, 0.047353, 0.980224, 0.192140, -0.011184, -0.071288, -0.188549, 0.979473, 0.260365, 0.000000, 0.000000, 0.000000, 1.000000, -0.071319, -0.189189, 0.979347, 0.282372, -0.996331, 0.060078, -0.060950, -0.039535, -0.047306, -0.980101, -0.192780, 0.211087, 0.000000, 0.000000, 0.000000, 1.000000, -0.997318, 0.070896, -0.018168, -0.008588, -0.020835, -0.037060, 0.999096, -0.086993, 0.070158, 0.996795, 0.038438, 0.030293, 0.000000, 0.000000, 0.000000, 1.000000
-14.9834, 39.5347, -11.1846, 260.3580, 282.3653, -39.5346, 211.0880, -8.5877, -86.9955, 30.2916, 0.996331, -0.060073, 0.060949, 0.039535, 0.047351, 0.980232, 0.192104, -0.011185, -0.071285, -0.188513, 0.979480, 0.260358, 0.000000, 0.000000, 0.000000, 1.000000, -0.071315, -0.189153, 0.979355, 0.282365, -0.996331, 0.060073, -0.060949, -0.039535, -0.047304, -0.980108, -0.192743, 0.211088, 0.000000, 0.000000, 0.000000, 1.000000, -0.997318, 0.070896, -0.018168, -0.008588, -0.020834, -0.037060, 0.999096, -0.086995, 0.070159, 0.996795, 0.038438, 0.030292, 0.000000, 0.000000, 0.000000, 1.000000
-14.9791, 39.5330, -11.1868, 260.3434, 282.3506, -39.5329, 211.0901, -8.5873, -87.0018, 30.2883, 0.996332, -0.060062, 0.060947, 0.039533, 0.047346, 0.980248, 0.192022, -0.011187, -0.071276, -0.188432, 0.979496, 0.260343, 0.000000, 0.000000, 0.000000, 1.000000, -0.071307, -0.189073, 0.979371, 0.282351, -0.996332, 0.060062, -0.060946, -0.039533, -0.047300, -0.980124, -0.192662, 0.211090, 0.000000, 0.000000, 0.000000, 1.000000, -0.997318, 0.070898, -0.018165, -0.008587, -0.020832, -0.037060, 0.999096, -0.087002, 0.070161, 0.996795, 0.038437, 0.030288, 0.000000, 0.000000, 0.000000, 1.000000
-14.9767, 39.5320, -11.1879, 260.3353, 282.3426, -39.5320, 211.0911, -8.5871, -87.0053, 30.2865, 0.996333, -0.060056, 0.060945, 0.039532, 0.047344, 0.980257, 0.191977, -0.011188, -0.071271, -0.188388, 0.979505, 0.260335, 0.000000, 0.000000, 0.000000, 1.000000, -0.071302, -0.189029, 0.979379, 0.282343, -0.996333, 0.060056, -0.060945, -0.039532, -0.047297, -0.980133, -0.192618, 0.211091, 0.000000, 0.000000, 0.000000, 1.000000, -0.997318, 0.070899, -0.018164, -0.008587, -0.020831, -0.037060, 0.999096, -0.087005, 0.070162, 0.996795, 0.038437, 0.030287, 0.000000, 0.000000, 0.000000, 1.000000
-14.9715, 39.5299, -11.1899, 260.3179, 282.3252, -39.5298, 211.0930, -8.5867, -87.0128, 30.2826, 0.996334, -0.060042, 0.060942, 0.039530, 0.047338, 0.980276, 0.191880, -0.011190, -0.071261, -0.188292, 0.979524, 0.260318, 0.000000, 0.000000, 0.000000, 1.000000, -0.071292, -0.188933, 0.979399, 0.282325, -0.996334, 0.060042, -0.060942, -0.039530, -0.047291, -0.980153, -0.192521, 0.211093, 0.000000, 0.000000, 0.000000, 1.000000, -0.997318, 0.070901, -0.018162, -0.008587, -0.020829, -0.037060, 0.999096, -0.087013, 0.070164, 0.996795, 0.038437, 0.030283, 0.000000, 0.000000, 0.000000, 1.000000
-14.9687, 39.5287, -11.1909, 260.3085, 282.3158, -39.5286, 211.0939, -8.5865, -87.0169, 30.2805, 0.996334, -0.060035, 0.060940, 0.039529, 0.047335, 0.980286, 0.191828, -0.011191, -0.071255, -0.188240, 0.979535, 0.260308, 0.000000, 0.000000, 0.000000, 1.000000, -0.071286, -0.188882, 0.979409, 0.282316, -0.996334, 0.060035, -0.060940, -0.039529, -0.047288, -0.980163, -0.192469, 0.211094, 0.000000, 0.000000, 0.000000, 1.000000, -0.997318, 0.070902, -0.018160, -0.008586, -0.020827, -0.037060, 0.999096, -0.087017, 0.070165, 0.996795, 0.038437, 0.030281, 0.000000, 0.000000, 0.000000, 1.000000
-14.9594, 39.5247, -11.1937, 260.2778, 282.2851, -39.5246, 211.0965, -8.5856, -87.0302, 30.2737, 0.996336, -0.060009, 0.060934, 0.039525, 0.047323, 0.980320, 0.191657, -0.011194, -0.071236, -0.188071, 0.979569, 0.260278, 0.000000, 0.000000, 0.000000, 1.000000, -0.071267, -0.188714, 0.979443, 0.282285, -0.996336, 0.060009, -0.060934, -0.039525, -0.047276, -0.980197, -0.192299, 0.211096, 0.000000, 0.000000, 0.000000, 1.000000, -0.997318, 0.070906, -0.018156, -0.008586, -0.020823, -0.037060, 0.999096, -0.087030, 0.070169, 0.996794, 0.038437, 0.030274, 0.000000, 0.000000, 0.000000, 1.000000
-14.9527, 39.5217, -11.1953, 260.2556, 282.2629, -39.5217, 211.0980, -8.5849, -87.0398, 30.2687, 0.996338, -0.059990, 0.060930, 0.039522, 0.047314, 0.980345, 0.191534, -0.011195, -0.071223, -0.187950, 0.979593, 0.260256, 0.000000, 0.000000, 0.000000, 1.000000, -0.071254, -0.188593, 0.979467, 0.282263, -0.996338, 0.059990, -0.060930, -0.039522, -0.047268, -0.980221, -0.192177, 0.211098, 0.000000, 0.000000, 0.000000, 1.000000, -0.997318, 0.070909, -0.018152, -0.008585, -0.020820, -0.037060, 0.999096, -0.087040, 0.070172, 0.996794, 0.038437, 0.030269, 0.000000, 0.000000, 0.000000, 1.000000
-14.9456, 39.5185, -11.1966, 260.2322, 282.2395, -39.5184, 211.0992, -8.5842, -87.0499, 30.2635, 0.996339, -0.059970, 0.060926, 0.039518, 0.047305, 0.980371, 0.191404, -0.011197, -0.071208, -0.187821, 0.979619, 0.260232, 0.000000, 0.000000, 0.000000, 1.000000, -0.071239, -0.188465, 0.979493, 0.282240, -0.996339, 0.059970, -0.060926, -0.039518, -0.047258, -0.980247, -0.192047, 0.211099, 0.000000, 0.000000, 0.000000, 1.000000, -0.997317, 0.070912, -0.018149, -0.008584, -0.020816, -0.037060, 0.999096, -0.087050, 0.070175, 0.996794, 0.038436, 0.030263, 0.000000, 0.000000, 0.000000, 1.000000
-14.9418, 39.5168, -11.1972, 260.2201, 282.2274, -39.5167, 211.0997, -8.5838, -87.0552, 30.2608, 0.996340, -0.059959, 0.060923, 0.039517, 0.047299, 0.980384, 0.191337, -0.011197, -0.071201, -0.187755, 0.979632, 0.260220, 0.000000, 0.000000, 0.000000, 1.000000, -0.071232, -0.188398, 0.979506, 0.282227, -0.996340, 0.059959, -0.060923, -0.039517, -0.047253, -0.980261, -0.191980, 0.211100, 0.000000, 0.000000, 0.000000, 1.000000, -0.997317, 0.070913, -0.018147, -0.008584, -0.020814, -0.037060, 0.999096, -0.087055, 0.070177, 0.996794, 0.038436, 0.030261, 0.000000, 0.000000, 0.000000, 1.000000
-14.9341, 39.5132, -11.1981, 260.1949, 282.2022, -39.5131, 211.1006, -8.5830, -87.0661, 30.2552, 0.996342, -0.059937, 0.060919, 0.039513, 0.047288, 0.980412, 0.191197, -0.011198, -0.071185, -0.187617, 0.979659, 0.260195, 0.000000, 0.000000, 0.000000, 1.000000, -0.071216, -0.188261, 0.979534, 0.282202, -0.996342, 0.059937, -0.060918, -0.039513, -0.047241, -0.980288, -0.191841, 0.211101, 0.000000, 0.000000, 0.000000, 1.000000, -0.997317, 0.070916, -0.018143, -0.008583, -0.020811, -0.037060, 0.999096, -0.087066, 0.070180, 0.996794, 0.038436, 0.030255, 0.000000, 0.000000, 0.000000, 1.000000
-14.9301, 39.5113, -11.1984, 260.1820, 282.1893, -39.5112, 211.1009, -8.5826, -87.0717, 30.2523, 0.996342, -0.059925, 0.060916, 0.039511, 0.047282, 0.980426, 0.191125, -0.011198, -0.071177, -0.187546, 0.979674, 0.260182, 0.000000, 0.000000, 0.000000, 1.000000, -0.071208, -0.188190, 0.979548, 0.282189, -0.996342, 0.059925, -0.060916, -0.039511, -0.047236, -0.980303, -0.191769, 0.211101, 0.000000, 0.000000, 0.000000, 1.000000, -0.997317, 0.070918, -0.018141, -0.008583, -0.020809, -0.037059, 0.999096, -0.087072, 0.070182, 0.996793, 0.038436, 0.030252, 0.000000, 0.000000, 0.000000, 1.000000
-14.9219, 39.5074, -11.1989, 260.1555, 282.1628, -39.5073, 211.1013, -8.5817, -87.0832, 30.2464, 0.996344, -0.059901, 0.060911, 0.039507, 0.047270, 0.980455, 0.190978, -0.011199, -0.071160, -0.187401, 0.979703, 0.260155, 0.000000, 0.000000, 0.000000, 1.000000, -0.071191, -0.188046, 0.979577, 0.282163, -0.996344, 0.059901, -0.060911, -0.039507, -0.047223, -0.980332, -0.191623, 0.211101, 0.000000, 0.000000, 0.000000, 1.000000, -0.997317, 0.070921, -0.018137, -0.008582, -0.020805, -0.037059, 0.999096, -0.087083, 0.070185, 0.996793, 0.038435, 0.030246, 0.000000, 0.000000, 0.000000, 1.000000
-14.9177, 39.5053, -11.1990, 260.1420, 282.1493, -39.5053, 211.1014, -8.5812, -87.0891, 30.2433, 0.996345, -0.059888, 0.060908, 0.039505, 0.047264, 0.980470, 0.190903, -0.011199, -0.071151, -0.187327, 0.979717, 0.260142, 0.000000, 0.000000, 0.000000, 1.000000, -0.071182, -0.187972, 0.979592, 0.282149, -0.996345, 0.059888, -0.060908, -0.039505, -0.047217, -0.980347, -0.191548, 0.211101, 0.000000, 0.000000, 0.000000, 1.000000, -0.997317, 0.070923, -0.018135, -0.008581, -0.020803, -0.037059, 0.999097, -0.087089, 0.070187, 0.996793, 0.038435, 0.030243, 0.000000, 0.000000, 0.000000, 1.000000
-14.9046, 39.4989, -11.1988, 260.1003, 282.1077, -39.4989, 211.1011, -8.5797, -87.1072, 30.2340, 0.996348, -0.059848, 0.060900, 0.039499, 0.047243, 0.980516, 0.190673, -0.011199, -0.071125, -0.187099, 0.979763, 0.260100, 0.000000, 0.000000, 0.000000, 1.000000, -0.071156, -0.187745, 0.979637, 0.282108, -0.996348, 0.059848, -0.060900, -0.039499, -0.047196, -0.980393, -0.191318, 0.211101, 0.000000, 0.000000, 0.000000, 1.000000, -0.997317, 0.070928, -0.018128, -0.008580, -0.020796, -0.037059, 0.999097, -0.087107, 0.070193, 0.996793, 0.038435, 0.030234, 0.000000, 0.000000, 0.000000, 1.000000
-14.8865, 39.4898, -11.1974, 260.0428, 282.0501, -39.4898, 211.0996, -8.5775, -87.1323, 30.2212, 0.996352, -0.059792, 0.060888, 0.039490, 0.047213, 0.980580, 0.190354, -0.011197, -0.071088, -0.186785, 0.979825, 0.260043, 0.000000, 0.000000, 0.000000, 1.000000, -0.071118, -0.187431, 0.979700, 0.282050, -0.996352, 0.059792, -0.060888, -0.039490, -0.047166, -0.980456, -0.190999, 0.211100, 0.000000, 0.000000, 0.000000, 1.000000, -0.997316, 0.070936, -0.018119, -0.008577, -0.020788, -0.037059, 0.999097, -0.087132, 0.070200, 0.996792, 0.038434, 0.030221, 0.000000, 0.000000, 0.000000, 1.000000
-14.8819, 39.4874, -11.1969, 260.0283, 282.0356, -39.4874, 211.0990, -8.5769, -87.1386, 30.2179, 0.996353, -0.059778, 0.060885, 0.039487, 0.047205, 0.980596, 0.190273, -0.011197, -0.071078, -0.186705, 0.979841, 0.260028, 0.000000, 0.000000, 0.000000, 1.000000, -0.071109, -0.187351, 0.979716, 0.282036, -0.996353, 0.059778, -0.060885, -0.039487, -0.047158, -0.980472, -0.190919, 0.211099, 0.000000, 0.000000, 0.000000, 1.000000, -0.997316, 0.070938, -0.018117, -0.008577, -0.020785, -0.037059, 0.999097, -0.087139, 0.070202, 0.996792, 0.038434, 0.030218, 0.000000, 0.000000, 0.000000, 1.000000
-14.8679, 39.4802, -11.1948, 259.9845, 281.9918, -39.4802, 211.0969, -8.5751, -87.1577, 30.2081, 0.996356, -0.059733, 0.060876, 0.039480, 0.047181, 0.980644, 0.190031, -0.011195, -0.071049, -0.186467, 0.979889, 0.259985, 0.000000, 0.000000, 0.000000, 1.000000, -0.071080, -0.187113, 0.979763, 0.281992, -0.996356, 0.059733, -0.060876, -0.039480, -0.047134, -0.980521, -0.190677, 0.211097, 0.000000, 0.000000, 0.000000, 1.000000, -0.997316, 0.070943, -0.018110, -0.008575, -0.020778, -0.037058, 0.999097, -0.087158, 0.070208, 0.996792, 0.038433, 0.030208, 0.000000, 0.000000, 0.000000, 1.000000
-14.8633, 39.4778, -11.1939, 259.9699, 281.9773, -39.4777, 211.0960, -8.5745, -87.1640, 30.2049, 0.996357, -0.059719, 0.060873, 0.039478, 0.047172, 0.980660, 0.189951, -0.011194, -0.071040, -0.186387, 0.979905, 0.259970, 0.000000, 0.000000, 0.000000, 1.000000, -0.071070, -0.187034, 0.979779, 0.281977, -0.996357, 0.059719, -0.060873, -0.039478, -0.047126, -0.980537, -0.190597, 0.211096, 0.000000, 0.000000, 0.000000, 1.000000, -0.997316, 0.070945, -0.018108, -0.008575, -0.020776, -0.037058, 0.999097, -0.087164, 0.070210, 0.996792, 0.038433, 0.030205, 0.000000, 0.000000, 0.000000, 1.000000
-14.8586, 39.4753, -11.1930, 259.9554, 281.9627, -39.4753, 211.0951, -8.5739, -87.1704, 30.2016, 0.996359, -0.059704, 0.060870, 0.039475, 0.047164, 0.980676, 0.189870, -0.011193, -0.071030, -0.186308, 0.979920, 0.259955, 0.000000, 0.000000, 0.000000, 1.000000, -0.071061, -0.186954, 0.979795, 0.281963, -0.996359, 0.059704, -0.060870, -0.039475, -0.047117, -0.980553, -0.190516, 0.211095, 0.000000, 0.000000, 0.000000, 1.000000, -0.997316, 0.070947, -0.018105, -0.008574, -0.020774, -0.037058, 0.999097, -0.087170, 0.070212, 0.996791, 0.038433, 0.030202, 0.000000, 0.000000, 0.000000, 1.000000
-14.8493, 39.4704, -11.1910, 259.9264, 281.9337, -39.4703, 211.0930, -8.5727, -87.1830, 30.1951, 0.996361, -0.059673, 0.060864, 0.039470, 0.047147, 0.980708, 0.189710, -0.011191, -0.071011, -0.186150, 0.979952, 0.259926, 0.000000, 0.000000, 0.000000, 1.000000, -0.071042, -0.186796, 0.979827, 0.281934, -0.996361, 0.059673, -0.060864, -0.039470, -0.047100, -0.980585, -0.190356, 0.211093, 0.000000, 0.000000, 0.000000, 1.000000, -0.997316, 0.070951, -0.018101, -0.008573, -0.020769, -0.037058, 0.999097, -0.087183, 0.070216, 0.996791, 0.038432, 0.030195, 0.000000, 0.000000, 0.000000, 1.000000
-14.8446, 39.4679, -11.1899, 259.9118, 281.9192, -39.4678, 211.0919, -8.5721, -87.1894, 30.1919, 0.996362, -0.059658, 0.060861, 0.039468, 0.047139, 0.980724, 0.189629, -0.011190, -0.071001, -0.186070, 0.979968, 0.259912, 0.000000, 0.000000, 0.000000, 1.000000, -0.071032, -0.186717, 0.979842, 0.281919, -0.996362, 0.059658, -0.060861, -0.039468, -0.047092, -0.980601, -0.190275, 0.211092, 0.000000, 0.000000, 0.000000, 1.000000, -0.997315, 0.070953, -0.018098, -0.008572, -0.020767, -0.037058, 0.999097, -0.087189, 0.070218, 0.996791, 0.038432, 0.030192, 0.000000, 0.000000, 0.000000, 1.000000
-14.8353, 39.4628, -11.1874, 259.8828, 281.8902, -39.4628, 211.0895, -8.5708, -87.2021, 30.1854, 0.996364, -0.059627, 0.060855, 0.039463, 0.047121, 0.980755, 0.189469, -0.011187, -0.070981, -0.185912, 0.979999, 0.259883, 0.000000, 0.000000, 0.000000, 1.000000, -0.071012, -0.186559, 0.979874, 0.281890, -0.996364, 0.059627, -0.060855, -0.039463, -0.047074, -0.980633, -0.190115, 0.211089, 0.000000, 0.000000, 0.000000, 1.000000, -0.997315, 0.070957, -0.018094, -0.008571, -0.020762, -0.037058, 0.999097, -0.087202, 0.070222, 0.996791, 0.038431, 0.030185, 0.000000, 0.000000, 0.000000, 1.000000
-14.8120, 39.4501, -11.1804, 259.8112, 281.8185, -39.4500, 211.0824, -8.5676, -87.2334, 30.1694, 0.996370, -0.059550, 0.060840, 0.039450, 0.047077, 0.980834, 0.189072, -0.011180, -0.070933, -0.185522, 0.980077, 0.259811, 0.000000, 0.000000, 0.000000, 1.000000, -0.070964, -0.186169, 0.979952, 0.281819, -0.996370, 0.059550, -0.060840, -0.039450, -0.047030, -0.980711, -0.189719, 0.211082, 0.000000, 0.000000, 0.000000, 1.000000, -0.997315, 0.070966, -0.018082, -0.008568, -0.020751, -0.037057, 0.999098, -0.087233, 0.070232, 0.996790, 0.038430, 0.030169, 0.000000, 0.000000, 0.000000, 1.000000
-14.8029, 39.4450, -11.1772, 259.7832, 281.7906, -39.4450, 211.0793, -8.5663, -87.2456, 30.1631, 0.996372, -0.059519, 0.060834, 0.039445, 0.047059, 0.980865, 0.188918, -0.011177, -0.070914, -0.185370, 0.980107, 0.259783, 0.000000, 0.000000, 0.000000, 1.000000, -0.070945, -0.186017, 0.979982, 0.281791, -0.996372, 0.059519, -0.060834, -0.039445, -0.047012, -0.980742, -0.189565, 0.211079, 0.000000, 0.000000, 0.000000, 1.000000, -0.997315, 0.070970, -0.018077, -0.008566, -0.020747, -0.037057, 0.999098, -0.087246, 0.070236, 0.996790, 0.038430, 0.030163, 0.000000, 0.000000, 0.000000, 1.000000
-14.7984, 39.4425, -11.1756, 259.7695, 281.7768, -39.4424, 211.0777, -8.5656, -87.2516, 30.1600, 0.996373, -0.059504, 0.060831, 0.039442, 0.047050, 0.980880, 0.188842, -0.011176, -0.070905, -0.185295, 0.980122, 0.259769, 0.000000, 0.000000, 0.000000, 1.000000, -0.070936, -0.185942, 0.979997, 0.281777, -0.996373, 0.059504, -0.060831, -0.039442, -0.047003, -0.980757, -0.189488, 0.211078, 0.000000, 0.000000, 0.000000, 1.000000, -0.997315, 0.070972, -0.018075, -0.008566, -0.020744, -0.037057, 0.999098, -0.087252, 0.070238, 0.996790, 0.038429, 0.030160, 0.000000, 0.000000, 0.000000, 1.000000
-14.7894, 39.4375, -11.1723, 259.7422, 281.7495, -39.4374, 211.0744, -8.5644, -87.2636, 30.1539, 0.996375, -0.059474, 0.060825, 0.039437, 0.047032, 0.980910, 0.188691, -0.011172, -0.070886, -0.185146, 0.980151, 0.259742, 0.000000, 0.000000, 0.000000, 1.000000, -0.070917, -0.185793, 0.980026, 0.281749, -0.996375, 0.059474, -0.060825, -0.039437, -0.046985, -0.980787, -0.189338, 0.211074, 0.000000, 0.000000, 0.000000, 1.000000, -0.997314, 0.070975, -0.018070, -0.008564, -0.020740, -0.037056, 0.999098, -0.087264, 0.070242, 0.996790, 0.038429, 0.030154, 0.000000, 0.000000, 0.000000, 1.000000
-14.7850, 39.4350, -11.1706, 259.7287, 281.7360, -39.4349, 211.0727, -8.5637, -87.2695, 30.1509, 0.996376, -0.059459, 0.060822, 0.039435, 0.047023, 0.980924, 0.188616, -0.011171, -0.070877, -0.185073, 0.980166, 0.259729, 0.000000, 0.000000, 0.000000, 1.000000, -0.070908, -0.185720, 0.980041, 0.281736, -0.996376, 0.059459, -0.060822, -0.039435, -0.046976, -0.980802, -0.189263, 0.211073, 0.000000, 0.000000, 0.000000, 1.000000, -0.997314, 0.070977, -0.018068, -0.008564, -0.020738, -0.037056, 0.999098, -0.087270, 0.070244, 0.996789, 0.038429, 0.030151, 0.000000, 0.000000, 0.000000, 1.000000
-14.7763, 39.4300, -11.1671, 259.7021, 281.7094, -39.4300, 211.0692, -8.5624, -87.2811, 30.1449, 0.996378, -0.059429, 0.060817, 0.039430, 0.047005, 0.980953, 0.188469, -0.011167, -0.070859, -0.184928, 0.980194, 0.259702, 0.000000, 0.000000, 0.000000, 1.000000, -0.070890, -0.185575, 0.980070, 0.281709, -0.996378, 0.059429, -0.060816, -0.039430, -0.046958, -0.980831, -0.189116, 0.211069, 0.000000, 0.000000, 0.000000, 1.000000, -0.997314, 0.070981, -0.018064, -0.008562, -0.020733, -0.037056, 0.999098, -0.087281, 0.070247, 0.996789, 0.038428, 0.030145, 0.000000, 0.000000, 0.000000, 1.000000
-14.7677, 39.4252, -11.1636, 259.6761, 281.6835, -39.4251, 211.0657, -8.5612, -87.2925, 30.1391, 0.996380, -0.059400, 0.060811, 0.039425, 0.046988, 0.980982, 0.188326, -0.011164, -0.070841, -0.184787, 0.980222, 0.259676, 0.000000, 0.000000, 0.000000, 1.000000, -0.070872, -0.185434, 0.980098, 0.281683, -0.996380, 0.059400, -0.060811, -0.039425, -0.046941, -0.980860, -0.188972, 0.211066, 0.000000, 0.000000, 0.000000, 1.000000, -0.997314, 0.070984, -0.018059, -0.008561, -0.020729, -0.037056, 0.999098, -0.087293, 0.070251, 0.996789, 0.038428, 0.030139, 0.000000, 0.000000, 0.000000, 1.000000
-14.7635, 39.4227, -11.1618, 259.6633, 281.6706, -39.4227, 211.0639, -8.5606, -87.2982, 30.1362, 0.996381, -0.059385, 0.060808, 0.039423, 0.046979, 0.980996, 0.188255, -0.011162, -0.070832, -0.184717, 0.980236, 0.259663, 0.000000, 0.000000, 0.000000, 1.000000, -0.070863, -0.185364, 0.980112, 0.281671, -0.996381, 0.059385, -0.060808, -0.039423, -0.046932, -0.980874, -0.188901, 0.211064, 0.000000, 0.000000, 0.000000, 1.000000, -0.997314, 0.070986, -0.018057, -0.008561, -0.020727, -0.037056, 0.999098, -0.087298, 0.070253, 0.996789, 0.038427, 0.030136, 0.000000, 0.000000, 0.000000, 1.000000
-14.7469, 39.4133, -11.1545, 259.6131, 281.6205, -39.4132, 211.0568, -8.5581, -87.3202, 30.1250, 0.996385, -0.059328, 0.060797, 0.039413, 0.046945, 0.981051, 0.187977, -0.011155, -0.070798, -0.184444, 0.980290, 0.259613, 0.000000, 0.000000, 0.000000, 1.000000, -0.070828, -0.185091, 0.980166, 0.281620, -0.996385, 0.059328, -0.060797, -0.039413, -0.046898, -0.980929, -0.188624, 0.211057, 0.000000, 0.000000, 0.000000, 1.000000, -0.997314, 0.070993, -0.018049, -0.008558, -0.020719, -0.037055, 0.999098, -0.087320, 0.070260, 0.996788, 0.038426, 0.030125, 0.000000, 0.000000, 0.000000, 1.000000
-14.7429, 39.4104, -11.1494, 259.6024, 281.6097, -39.4103, 211.0516, -8.5572, -87.3250, 30.1225, 0.996387, -0.059310, 0.060795, 0.039410, 0.046932, 0.981063, 0.187918, -0.011149, -0.070789, -0.184385, 0.980301, 0.259602, 0.000000, 0.000000, 0.000000, 1.000000, -0.070820, -0.185032, 0.980177, 0.281610, -0.996387, 0.059310, -0.060795, -0.039410, -0.046885, -0.980941, -0.188564, 0.211052, 0.000000, 0.000000, 0.000000, 1.000000, -0.997313, 0.070994, -0.018047, -0.008557, -0.020717, -0.037055, 0.999098, -0.087325, 0.070262, 0.996788, 0.038426, 0.030123, 0.000000, 0.000000, 0.000000, 1.000000
-14.7349, 39.4047, -11.1395, 259.5811, 281.5884, -39.4047, 211.0417, -8.5556, -87.3347, 30.1177, 0.996389, -0.059276, 0.060791, 0.039405, 0.046908, 0.981087, 0.187799, -0.011140, -0.070773, -0.184269, 0.980324, 0.259581, 0.000000, 0.000000, 0.000000, 1.000000, -0.070804, -0.184917, 0.980200, 0.281588, -0.996389, 0.059276, -0.060791, -0.039405, -0.046861, -0.980965, -0.188446, 0.211042, 0.000000, 0.000000, 0.000000, 1.000000, -0.997313, 0.070998, -0.018042, -0.008556, -0.020713, -0.037054, 0.999099, -0.087335, 0.070265, 0.996788, 0.038425, 0.030118, 0.000000, 0.000000, 0.000000, 1.000000
-14.7271, 39.3993, -11.1304, 259.5601, 281.5674, -39.3992, 211.0325, -8.5540, -87.3442, 30.1129, 0.996391, -0.059243, 0.060787, 0.039399, 0.046885, 0.981110, 0.187682, -0.011130, -0.070757, -0.184155, 0.980347, 0.259560, 0.000000, 0.000000, 0.000000, 1.000000, -0.070788, -0.184802, 0.980223, 0.281567, -0.996391, 0.059243, -0.060787, -0.039399, -0.046838, -0.980988, -0.188329, 0.211033, 0.000000, 0.000000, 0.000000, 1.000000, -0.997313, 0.071001, -0.018038, -0.008554, -0.020709, -0.037054, 0.999099, -0.087344, 0.070268, 0.996788, 0.038425, 0.030113, 0.000000, 0.000000, 0.000000, 1.000000
-14.7232, 39.3966, -11.1261, 259.5497, 281.5570, -39.3966, 211.0282, -8.5532, -87.3489, 30.1105, 0.996392, -0.059227, 0.060785, 0.039397, 0.046874, 0.981122, 0.187624, -0.011126, -0.070750, -0.184098, 0.980358, 0.259550, 0.000000, 0.000000, 0.000000, 1.000000, -0.070780, -0.184745, 0.980234, 0.281557, -0.996392, 0.059227, -0.060784, -0.039397, -0.046827, -0.981000, -0.188271, 0.211028, 0.000000, 0.000000, 0.000000, 1.000000, -0.997313, 0.071002, -0.018036, -0.008553, -0.020707, -0.037054, 0.999099, -0.087349, 0.070270, 0.996788, 0.038424, 0.030111, 0.000000, 0.000000, 0.000000, 1.000000
-14.7157, 39.3915, -11.1181, 259.5290, 281.5363, -39.3914, 211.0202, -8.5517, -87.3583, 30.1058, 0.996394, -0.059196, 0.060780, 0.039391, 0.046852, 0.981145, 0.187508, -0.011118, -0.070734, -0.183984, 0.980381, 0.259529, 0.000000, 0.000000, 0.000000, 1.000000, -0.070765, -0.184632, 0.980257, 0.281536, -0.996394, 0.059196, -0.060780, -0.039391, -0.046806, -0.981023, -0.188156, 0.211020, 0.000000, 0.000000, 0.000000, 1.000000, -0.997313, 0.071005, -0.018032, -0.008552, -0.020703, -0.037053, 0.999099, -0.087358, 0.070273, 0.996787, 0.038424, 0.030106, 0.000000, 0.000000, 0.000000, 1.000000
-14.7119, 39.3890, -11.1143, 259.5187, 281.5259, -39.3889, 211.0164, -8.5510, -87.3630, 30.1035, 0.996395, -0.059181, 0.060778, 0.039389, 0.046842, 0.981156, 0.187451, -0.011114, -0.070727, -0.183928, 0.980392, 0.259519, 0.000000, 0.000000, 0.000000, 1.000000, -0.070758, -0.184576, 0.980268, 0.281526, -0.996395, 0.059181, -0.060778, -0.039389, -0.046795, -0.981035, -0.188098, 0.211016, 0.000000, 0.000000, 0.000000, 1.000000, -0.997313, 0.071007, -0.018030, -0.008551, -0.020701, -0.037053, 0.999099, -0.087363, 0.070275, 0.996787, 0.038424, 0.030103, 0.000000, 0.000000, 0.000000, 1.000000
-14.7045, 39.3841, -11.1075, 259.4980, 281.5053, -39.3841, 211.0095, -8.5496, -87.3722, 30.0988, 0.996397, -0.059152, 0.060774, 0.039384, 0.046822, 0.981179, 0.187336, -0.011107, -0.070712, -0.183815, 0.980414, 0.259498, 0.000000, 0.000000, 0.000000, 1.000000, -0.070743, -0.184463, 0.980290, 0.281505, -0.996397, 0.059152, -0.060774, -0.039384, -0.046776, -0.981058, -0.187983, 0.211010, 0.000000, 0.000000, 0.000000, 1.000000, -0.997313, 0.071010, -0.018027, -0.008550, -0.020697, -0.037053, 0.999099, -0.087372, 0.070278, 0.996787, 0.038423, 0.030099, 0.000000, 0.000000, 0.000000, 1.000000
-14.7009, 39.3818, -11.1043, 259.4876, 281.4949, -39.3817, 211.0063, -8.5490, -87.3769, 30.0965, 0.996398, -0.059138, 0.060772, 0.039382, 0.046813, 0.981191, 0.187278, -0.011104, -0.070704, -0.183758, 0.980425, 0.259488, 0.000000, 0.000000, 0.000000, 1.000000, -0.070735, -0.184406, 0.980301, 0.281495, -0.996398, 0.059138, -0.060772, -0.039382, -0.046766, -0.981069, -0.187925, 0.211006, 0.000000, 0.000000, 0.000000, 1.000000, -0.997313, 0.071011, -0.018025, -0.008549, -0.020695, -0.037053, 0.999099, -0.087377, 0.070279, 0.996787, 0.038423, 0.030096, 0.000000, 0.000000, 0.000000, 1.000000
-14.6864, 39.3727, -11.0935, 259.4460, 281.4533, -39.3727, 210.9955, -8.5465, -87.3954, 30.0870, 0.996402, -0.059083, 0.060764, 0.039373, 0.046777, 0.981237, 0.187046, -0.011093, -0.070675, -0.183530, 0.980470, 0.259446, 0.000000, 0.000000, 0.000000, 1.000000, -0.070706, -0.184179, 0.980346, 0.281453, -0.996402, 0.059083, -0.060764, -0.039373, -0.046730, -0.981115, -0.187694, 0.210995, 0.000000, 0.000000, 0.000000, 1.000000, -0.997312, 0.071017, -0.018017, -0.008546, -0.020688, -0.037052, 0.999099, -0.087395, 0.070286, 0.996787, 0.038422, 0.030087, 0.000000, 0.000000, 0.000000, 1.000000
-14.6828, 39.3706, -11.0912, 259.4356, 281.4428, -39.3705, 210.9932, -8.5459, -87.4001, 30.0846, 0.996403, -0.059070, 0.060762, 0.039371, 0.046769, 0.981248, 0.186988, -0.011091, -0.070668, -0.183473, 0.980481, 0.259436, 0.000000, 0.000000, 0.000000, 1.000000, -0.070699, -0.184122, 0.980358, 0.281443, -0.996403, 0.059070, -0.060762, -0.039371, -0.046722, -0.981127, -0.187636, 0.210993, 0.000000, 0.000000, 0.000000, 1.000000, -0.997312, 0.071019, -0.018015, -0.008546, -0.020686, -0.037052, 0.999099, -0.087400, 0.070287, 0.996787, 0.038421, 0.030085, 0.000000, 0.000000, 0.000000, 1.000000
-14.6757, 39.3664, -11.0872, 259.4145, 281.4217, -39.3663, 210.9892, -8.5448, -87.4094, 30.0799, 0.996405, -0.059044, 0.060758, 0.039366, 0.046753, 0.981271, 0.186870, -0.011087, -0.070654, -0.183358, 0.980504, 0.259414, 0.000000, 0.000000, 0.000000, 1.000000, -0.070684, -0.184006, 0.980380, 0.281422, -0.996405, 0.059044, -0.060758, -0.039366, -0.046706, -0.981150, -0.187518, 0.210989, 0.000000, 0.000000, 0.000000, 1.000000, -0.997312, 0.071021, -0.018012, -0.008545, -0.020683, -0.037052, 0.999099, -0.087409, 0.070290, 0.996786, 0.038421, 0.030080, 0.000000, 0.000000, 0.000000, 1.000000
-14.6721, 39.3643, -11.0854, 259.4038, 281.4111, -39.3643, 210.9874, -8.5442, -87.4141, 30.0775, 0.996406, -0.059031, 0.060756, 0.039364, 0.046745, 0.981283, 0.186811, -0.011085, -0.070647, -0.183299, 0.980515, 0.259404, 0.000000, 0.000000, 0.000000, 1.000000, -0.070677, -0.183948, 0.980392, 0.281411, -0.996406, 0.059031, -0.060756, -0.039364, -0.046698, -0.981162, -0.187459, 0.210987, 0.000000, 0.000000, 0.000000, 1.000000, -0.997312, 0.071023, -0.018010, -0.008544, -0.020681, -0.037052, 0.999099, -0.087414, 0.070292, 0.996786, 0.038421, 0.030077, 0.000000, 0.000000, 0.000000, 1.000000
-14.6650, 39.3603, -11.0823, 259.3823, 281.3896, -39.3602, 210.9844, -8.5432, -87.4236, 30.0726, 0.996407, -0.059007, 0.060752, 0.039360, 0.046730, 0.981307, 0.186691, -0.011082, -0.070632, -0.183182, 0.980538, 0.259382, 0.000000, 0.000000, 0.000000, 1.000000, -0.070663, -0.183830, 0.980415, 0.281390, -0.996407, 0.059007, -0.060752, -0.039360, -0.046683, -0.981185, -0.187339, 0.210984, 0.000000, 0.000000, 0.000000, 1.000000, -0.997312, 0.071026, -0.018006, -0.008543, -0.020677, -0.037051, 0.999099, -0.087424, 0.070295, 0.996786, 0.038420, 0.030073, 0.000000, 0.000000, 0.000000, 1.000000
-14.6578, 39.3563, -11.0798, 259.3606, 281.3678, -39.3563, 210.9818, -8.5422, -87.4332, 30.0677, 0.996409, -0.058982, 0.060748, 0.039356, 0.046715, 0.981330, 0.186570, -0.011080, -0.070618, -0.183062, 0.980562, 0.259361, 0.000000, 0.000000, 0.000000, 1.000000, -0.070649, -0.183711, 0.980438, 0.281368, -0.996409, 0.058982, -0.060748, -0.039356, -0.046669, -0.981209, -0.187218, 0.210982, 0.000000, 0.000000, 0.000000, 1.000000, -0.997312, 0.071029, -0.018003, -0.008542, -0.020674, -0.037051, 0.999100, -0.087433, 0.070298, 0.996786, 0.038420, 0.030068, 0.000000, 0.000000, 0.000000, 1.000000
-14.6542, 39.3544, -11.0787, 259.3496, 281.3568, -39.3544, 210.9808, -8.5417, -87.4380, 30.0652, 0.996410, -0.058971, 0.060746, 0.039354, 0.046708, 0.981342, 0.186509, -0.011079, -0.070611, -0.183002, 0.980574, 0.259350, 0.000000, 0.000000, 0.000000, 1.000000, -0.070642, -0.183650, 0.980450, 0.281357, -0.996410, 0.058970, -0.060746, -0.039354, -0.046662, -0.981221, -0.187157, 0.210981, 0.000000, 0.000000, 0.000000, 1.000000, -0.997312, 0.071030, -0.018001, -0.008542, -0.020672, -0.037051, 0.999100, -0.087438, 0.070299, 0.996786, 0.038420, 0.030065, 0.000000, 0.000000, 0.000000, 1.000000
-14.6470, 39.3506, -11.0769, 259.3272, 281.3345, -39.3505, 210.9790, -8.5407, -87.4478, 30.0601, 0.996411, -0.058947, 0.060741, 0.039351, 0.046695, 0.981367, 0.186385, -0.011077, -0.070596, -0.182880, 0.980597, 0.259327, 0.000000, 0.000000, 0.000000, 1.000000, -0.070627, -0.183528, 0.980474, 0.281335, -0.996411, 0.058947, -0.060741, -0.039351, -0.046648, -0.981246, -0.187033, 0.210979, 0.000000, 0.000000, 0.000000, 1.000000, -0.997312, 0.071033, -0.017997, -0.008541, -0.020668, -0.037051, 0.999100, -0.087448, 0.070302, 0.996786, 0.038419, 0.030060, 0.000000, 0.000000, 0.000000, 1.000000
-14.6434, 39.3487, -11.0761, 259.3159, 281.3232, -39.3486, 210.9782, -8.5403, -87.4527, 30.0576, 0.996412, -0.058935, 0.060739, 0.039349, 0.046688, 0.981379, 0.186322, -0.011076, -0.070589, -0.182817, 0.980609, 0.259316, 0.000000, 0.000000, 0.000000, 1.000000, -0.070620, -0.183466, 0.980486, 0.281323, -0.996412, 0.058935, -0.060739, -0.039349, -0.046641, -0.981258, -0.186970, 0.210978, 0.000000, 0.000000, 0.000000, 1.000000, -0.997312, 0.071035, -0.017995, -0.008540, -0.020667, -0.037051, 0.999100, -0.087453, 0.070304, 0.996785, 0.038419, 0.030058, 0.000000, 0.000000, 0.000000, 1.000000
-14.6287, 39.3412, -11.0740, 259.2699, 281.2771, -39.3411, 210.9762, -8.5384, -87.4729, 30.0472, 0.996416, -0.058888, 0.060731, 0.039341, 0.046662, 0.981429, 0.186065, -0.011074, -0.070560, -0.182565, 0.980659, 0.259270, 0.000000, 0.000000, 0.000000, 1.000000, -0.070590, -0.183213, 0.980536, 0.281277, -0.996416, 0.058888, -0.060730, -0.039341, -0.046616, -0.981308, -0.186713, 0.210976, 0.000000, 0.000000, 0.000000, 1.000000, -0.997311, 0.071041, -0.017988, -0.008538, -0.020659, -0.037050, 0.999100, -0.087473, 0.070310, 0.996785, 0.038418, 0.030047, 0.000000, 0.000000, 0.000000, 1.000000
-14.6250, 39.3394, -11.0737, 259.2582, 281.2655, -39.3393, 210.9758, -8.5380, -87.4779, 30.0445, 0.996416, -0.058877, 0.060728, 0.039339, 0.046656, 0.981441, 0.186001, -0.011074, -0.070552, -0.182501, 0.980671, 0.259258, 0.000000, 0.000000, 0.000000, 1.000000, -0.070583, -0.183149, 0.980548, 0.281266, -0.996416, 0.058877, -0.060728, -0.039339, -0.046609, -0.981320, -0.186649, 0.210976, 0.000000, 0.000000, 0.000000, 1.000000, -0.997311, 0.071042, -0.017986, -0.008538, -0.020658, -0.037050, 0.999100, -0.087478, 0.070312, 0.996785, 0.038418, 0.030045, 0.000000, 0.000000, 0.000000, 1.000000
-14.6176, 39.3357, -11.0732, 259.2348, 281.2420, -39.3357, 210.9754, -8.5371, -87.4881, 30.0392, 0.996418, -0.058854, 0.060724, 0.039336, 0.046644, 0.981467, 0.185870, -0.011073, -0.070538, -0.182372, 0.980696, 0.259235, 0.000000, 0.000000, 0.000000, 1.000000, -0.070568, -0.183020, 0.980573, 0.281242, -0.996418, 0.058854, -0.060724, -0.039336, -0.046597, -0.981346, -0.186518, 0.210975, 0.000000, 0.000000, 0.000000, 1.000000, -0.997311, 0.071045, -0.017983, -0.008537, -0.020654, -0.037050, 0.999100, -0.087488, 0.070315, 0.996785, 0.038418, 0.030039, 0.000000, 0.000000, 0.000000, 1.000000
-14.6138, 39.3339, -11.0730, 259.2229, 281.2301, -39.3338, 210.9752, -8.5367, -87.4933, 30.0365, 0.996419, -0.058843, 0.060722, 0.039334, 0.046638, 0.981479, 0.185804, -0.011073, -0.070530, -0.182307, 0.980709, 0.259223, 0.000000, 0.000000, 0.000000, 1.000000, -0.070561, -0.182955, 0.980586, 0.281230, -0.996419, 0.058843, -0.060721, -0.039334, -0.046591, -0.981359, -0.186452, 0.210975, 0.000000, 0.000000, 0.000000, 1.000000, -0.997311, 0.071047, -0.017981, -0.008537, -0.020652, -0.037050, 0.999100, -0.087493, 0.070316, 0.996785, 0.038418, 0.030037, 0.000000, 0.000000, 0.000000, 1.000000
-14.6063, 39.3302, -11.0728, 259.1988, 281.2061, -39.3302, 210.9751, -8.5358, -87.5038, 30.0311, 0.996420, -0.058820, 0.060717, 0.039330, 0.046625, 0.981505, 0.185671, -0.011073, -0.070515, -0.182175, 0.980734, 0.259199, 0.000000, 0.000000, 0.000000, 1.000000, -0.070546, -0.182823, 0.980612, 0.281206, -0.996420, 0.058820, -0.060717, -0.039330, -0.046579, -0.981385, -0.186318, 0.210975, 0.000000, 0.000000, 0.000000, 1.000000, -0.997311, 0.071050, -0.017977, -0.008536, -0.020649, -0.037050, 0.999100, -0.087504, 0.070320, 0.996784, 0.038417, 0.030031, 0.000000, 0.000000, 0.000000, 1.000000
-14.5987, 39.3265, -11.0726, 259.1745, 281.1817, -39.3265, 210.9750, -8.5350, -87.5143, 30.0256, 0.996422, -0.058797, 0.060712, 0.039327, 0.046613, 0.981531, 0.185535, -0.011073, -0.070500, -0.182041, 0.980760, 0.259174, 0.000000, 0.000000, 0.000000, 1.000000, -0.070531, -0.182689, 0.980638, 0.281182, -0.996422, 0.058797, -0.060712, -0.039326, -0.046567, -0.981411, -0.186183, 0.210975, 0.000000, 0.000000, 0.000000, 1.000000, -0.997311, 0.071053, -0.017973, -0.008535, -0.020645, -0.037050, 0.999100, -0.087514, 0.070323, 0.996784, 0.038417, 0.030026, 0.000000, 0.000000, 0.000000, 1.000000
-14.5948, 39.3247, -11.0726, 259.1622, 281.1694, -39.3246, 210.9750, -8.5345, -87.5197, 30.0228, 0.996423, -0.058785, 0.060710, 0.039325, 0.046607, 0.981545, 0.185467, -0.011073, -0.070492, -0.181974, 0.980773, 0.259162, 0.000000, 0.000000, 0.000000, 1.000000, -0.070523, -0.182622, 0.980651, 0.281169, -0.996423, 0.058785, -0.060710, -0.039325, -0.046561, -0.981424, -0.186114, 0.210975, 0.000000, 0.000000, 0.000000, 1.000000, -0.997311, 0.071054, -0.017971, -0.008535, -0.020643, -0.037050, 0.999100, -0.087520, 0.070325, 0.996784, 0.038417, 0.030023, 0.000000, 0.000000, 0.000000, 1.000000
-14.5871, 39.3209, -11.0725, 259.1373, 281.1446, -39.3209, 210.9750, -8.5337, -87.5304, 30.0172, 0.996425, -0.058762, 0.060705, 0.039321, 0.046595, 0.981571, 0.185329, -0.011073, -0.070477, -0.181838, 0.980800, 0.259137, 0.000000, 0.000000, 0.000000, 1.000000, -0.070507, -0.182485, 0.980677, 0.281145, -0.996425, 0.058762, -0.060705, -0.039321, -0.046548, -0.981451, -0.185976, 0.210975, 0.000000, 0.000000, 0.000000, 1.000000, -0.997310, 0.071058, -0.017967, -0.008534, -0.020639, -0.037050, 0.999100, -0.087530, 0.070328, 0.996784, 0.038417, 0.030017, 0.000000, 0.000000, 0.000000, 1.000000
