# Joint_6_Angle(deg), Cam_X(mm), Cam_Y(mm), Cam_Z(mm), Torso_X(mm), Torso_Y(mm), Torso_Z(mm), EE_X(mm), EE_Y(mm), EE_Z(mm), T_cam2marker_flat(16), T_torso2marker_flat(16), T_ee2marker_flat(16)
-19.9993, 16.4529, -18.1218, 250.2699, 272.2756, -16.4533, 218.1164, 11.2386, 101.2741, 15.2014, 0.946153, -0.093774, -0.309840, 0.016453, 0.121400, 0.990056, 0.071072, -0.018122, 0.300095, -0.104860, 0.948129, 0.250270, 0.000000, 0.000000, 0.000000, 1.000000, 0.300055, -0.105172, 0.948107, 0.272276, -0.946153, 0.093774, 0.309839, -0.016453, -0.121494, -0.990023, -0.071371, 0.218116, 0.000000, 0.000000, 0.000000, 1.000000, 0.994689, -0.070916, 0.074602, 0.011239, 0.075328, 0.007611, -0.997130, 0.101274, 0.070145, 0.997453, 0.012913, 0.015201, 0.000000, 0.000000, 0.000000, 1.000000
-19.9996, 16.4545, -18.1152, 250.2733, 272.2790, -16.4549, 218.1095, 11.2391, 101.2735, 15.2020, 0.946150, -0.093782, -0.309847, 0.016455, 0.121412, 0.990054, 0.071085, -0.018115, 0.300098, -0.104876, 0.948126, 0.250273, 0.000000, 0.000000, 0.000000, 1.000000, 0.300058, -0.105188, 0.948104, 0.272279, -0.946151, 0.093782, 0.309845, -0.016455, -0.121507, -0.990020, -0.071384, 0.218110, 0.000000, 0.000000, 0.000000, 1.000000, 0.994689, -0.070916, 0.074602, 0.011239, 0.075328, 0.007610, -0.997130, 0.101273, 0.070145, 0.997453, 0.012912, 0.015202, 0.000000, 0.000000, 0.000000, 1.000000
-20.0002, 16.4545, -18.1207, 250.2712, 272.2769, -16.4549, 218.1149, 11.2381, 101.2743, 15.2015, 0.946147, -0.093778, -0.309857, 0.016454, 0.121405, 0.990055, 0.071071, -0.018121, 0.300110, -0.104862, 0.948123, 0.250271, 0.000000, 0.000000, 0.000000, 1.000000, 0.300070, -0.105176, 0.948101, 0.272277, -0.946148, 0.093778, 0.309855, -0.016455, -0.121500, -0.990022, -0.071372, 0.218115, 0.000000, 0.000000, 0.000000, 1.000000, 0.994689, -0.070916, 0.074602, 0.011238, 0.075328, 0.007610, -0.997130, 0.101274, 0.070145, 0.997453, 0.012911, 0.015201, 0.000000, 0.000000, 0.000000, 1.000000
-20.0001, 16.4534, -18.1278, 250.2680, 272.2737, -16.4538, 218.1220, 11.2374, 101.2750, 15.2008, 0.946148, -0.093772, -0.309856, 0.016453, 0.121394, 0.990058, 0.071057, -0.018128, 0.300112, -0.104845, 0.948125, 0.250268, 0.000000, 0.000000, 0.000000, 1.000000, 0.300072, -0.105159, 0.948103, 0.272274, -0.946149, 0.093772, 0.309854, -0.016454, -0.121489, -0.990024, -0.071358, 0.218122, 0.000000, 0.000000, 0.000000, 1.000000, 0.994689, -0.070916, 0.074602, 0.011237, 0.075328, 0.007610, -0.997130, 0.101275, 0.070145, 0.997453, 0.012912, 0.015201, 0.000000, 0.000000, 0.000000, 1.000000
-19.9999, 16.4523, -18.1337, 250.2653, 272.2710, -16.4528, 218.1278, 11.2369, 101.2756, 15.2003, 0.946150, -0.093766, -0.309851, 0.016452, 0.121384, 0.990060, 0.071046, -0.018134, 0.300110, -0.104831, 0.948127, 0.250265, 0.000000, 0.000000, 0.000000, 1.000000, 0.300070, -0.105145, 0.948105, 0.272271, -0.946151, 0.093766, 0.309850, -0.016453, -0.121480, -0.990026, -0.071346, 0.218128, 0.000000, 0.000000, 0.000000, 1.000000, 0.994689, -0.070916, 0.074602, 0.011237, 0.075328, 0.007611, -0.997130, 0.101276, 0.070145, 0.997453, 0.012912, 0.015200, 0.000000, 0.000000, 0.000000, 1.000000
-19.9991, 16.4501, -18.1437, 250.2605, 272.2662, -16.4505, 218.1379, 11.2365, 101.2765, 15.1993, 0.946155, -0.093757, -0.309838, 0.016450, 0.121367, 0.990063, 0.071028, -0.018144, 0.300100, -0.104807, 0.948133, 0.250260, 0.000000, 0.000000, 0.000000, 1.000000, 0.300060, -0.105121, 0.948111, 0.272266, -0.946156, 0.093757, 0.309836, -0.016450, -0.121462, -0.990030, -0.071328, 0.218138, 0.000000, 0.000000, 0.000000, 1.000000, 0.994689, -0.070916, 0.074602, 0.011236, 0.075328, 0.007612, -0.997130, 0.101276, 0.070145, 0.997453, 0.012913, 0.015199, 0.000000, 0.000000, 0.000000, 1.000000
-19.9982, 16.4481, -18.1511, 250.2569, 272.2626, -16.4486, 218.1452, 11.2364, 101.2771, 15.1986, 0.946161, -0.093750, -0.309823, 0.016448, 0.121354, 0.990066, 0.071015, -0.018151, 0.300088, -0.104790, 0.948138, 0.250257, 0.000000, 0.000000, 0.000000, 1.000000, 0.300048, -0.105104, 0.948116, 0.272263, -0.946161, 0.093750, 0.309822, -0.016449, -0.121449, -0.990032, -0.071315, 0.218145, 0.000000, 0.000000, 0.000000, 1.000000, 0.994689, -0.070916, 0.074602, 0.011236, 0.075328, 0.007613, -0.997130, 0.101277, 0.070145, 0.997453, 0.012915, 0.015199, 0.000000, 0.000000, 0.000000, 1.000000
-19.9970, 16.4459, -18.1588, 250.2530, 272.2587, -16.4463, 218.1529, 11.2365, 101.2776, 15.1979, 0.946168, -0.093743, -0.309803, 0.016446, 0.121340, 0.990068, 0.071002, -0.018159, 0.300071, -0.104772, 0.948146, 0.250253, 0.000000, 0.000000, 0.000000, 1.000000, 0.300030, -0.105085, 0.948124, 0.272259, -0.946169, 0.093743, 0.309802, -0.016446, -0.121435, -0.990035, -0.071303, 0.218153, 0.000000, 0.000000, 0.000000, 1.000000, 0.994689, -0.070916, 0.074602, 0.011237, 0.075328, 0.007615, -0.997130, 0.101278, 0.070144, 0.997453, 0.012916, 0.015198, 0.000000, 0.000000, 0.000000, 1.000000
-19.9954, 16.4432, -18.1667, 250.2490, 272.2547, -16.4436, 218.1609, 11.2370, 101.2780, 15.1971, 0.946178, -0.093735, -0.309777, 0.016443, 0.121325, 0.990071, 0.070990, -0.018167, 0.300047, -0.104753, 0.948155, 0.250249, 0.000000, 0.000000, 0.000000, 1.000000, 0.300006, -0.105067, 0.948133, 0.272255, -0.946178, 0.093735, 0.309775, -0.016444, -0.121421, -0.990038, -0.071291, 0.218161, 0.000000, 0.000000, 0.000000, 1.000000, 0.994689, -0.070916, 0.074602, 0.011237, 0.075328, 0.007617, -0.997130, 0.101278, 0.070144, 0.997453, 0.012919, 0.015197, 0.000000, 0.000000, 0.000000, 1.000000
-19.9945, 16.4417, -18.1707, 250.2469, 272.2526, -16.4421, 218.1649, 11.2373, 101.2782, 15.1966, 0.946183, -0.093731, -0.309761, 0.016442, 0.121318, 0.990072, 0.070984, -0.018171, 0.300032, -0.104744, 0.948161, 0.250247, 0.000000, 0.000000, 0.000000, 1.000000, 0.299992, -0.105057, 0.948139, 0.272253, -0.946184, 0.093731, 0.309759, -0.016442, -0.121413, -0.990039, -0.071285, 0.218165, 0.000000, 0.000000, 0.000000, 1.000000, 0.994689, -0.070915, 0.074602, 0.011237, 0.075328, 0.007618, -0.997130, 0.101278, 0.070143, 0.997453, 0.012920, 0.015197, 0.000000, 0.000000, 0.000000, 1.000000
-19.9922, 16.4384, -18.1788, 250.2426, 272.2483, -16.4388, 218.1729, 11.2383, 101.2785, 15.1958, 0.946197, -0.093724, -0.309722, 0.016438, 0.121302, 0.990075, 0.070974, -0.018179, 0.299996, -0.104725, 0.948174, 0.250243, 0.000000, 0.000000, 0.000000, 1.000000, 0.299956, -0.105039, 0.948152, 0.272248, -0.946197, 0.093724, 0.309721, -0.016439, -0.121397, -0.990042, -0.071274, 0.218173, 0.000000, 0.000000, 0.000000, 1.000000, 0.994689, -0.070915, 0.074602, 0.011238, 0.075329, 0.007622, -0.997130, 0.101278, 0.070143, 0.997453, 0.012923, 0.015196, 0.000000, 0.000000, 0.000000, 1.000000
-19.9908, 16.4365, -18.1828, 250.2404, 272.2461, -16.4370, 218.1770, 11.2390, 101.2786, 15.1954, 0.946204, -0.093720, -0.309700, 0.016437, 0.121294, 0.990076, 0.070969, -0.018183, 0.299975, -0.104716, 0.948182, 0.250240, 0.000000, 0.000000, 0.000000, 1.000000, 0.299935, -0.105029, 0.948160, 0.272246, -0.946205, 0.093720, 0.309698, -0.016437, -0.121389, -0.990043, -0.071269, 0.218177, 0.000000, 0.000000, 0.000000, 1.000000, 0.994689, -0.070915, 0.074602, 0.011239, 0.075329, 0.007623, -0.997130, 0.101279, 0.070142, 0.997453, 0.012925, 0.015195, 0.000000, 0.000000, 0.000000, 1.000000
-19.9877, 16.4325, -18.1908, 250.2359, 272.2416, -16.4329, 218.1849, 11.2407, 101.2786, 15.1945, 0.946222, -0.093712, -0.309648, 0.016433, 0.121277, 0.990079, 0.070960, -0.018191, 0.299926, -0.104698, 0.948200, 0.250236, 0.000000, 0.000000, 0.000000, 1.000000, 0.299886, -0.105011, 0.948178, 0.272242, -0.946223, 0.093712, 0.309646, -0.016433, -0.121372, -0.990046, -0.071261, 0.218185, 0.000000, 0.000000, 0.000000, 1.000000, 0.994689, -0.070914, 0.074602, 0.011241, 0.075329, 0.007628, -0.997130, 0.101279, 0.070142, 0.997453, 0.012929, 0.015194, 0.000000, 0.000000, 0.000000, 1.000000
-19.9859, 16.4303, -18.1947, 250.2336, 272.2394, -16.4307, 218.1888, 11.2418, 101.2785, 15.1940, 0.946232, -0.093708, -0.309618, 0.016430, 0.121269, 0.990080, 0.070957, -0.018195, 0.299898, -0.104689, 0.948210, 0.250234, 0.000000, 0.000000, 0.000000, 1.000000, 0.299858, -0.105002, 0.948188, 0.272239, -0.946233, 0.093709, 0.309617, -0.016431, -0.121364, -0.990047, -0.071257, 0.218189, 0.000000, 0.000000, 0.000000, 1.000000, 0.994689, -0.070914, 0.074602, 0.011242, 0.075329, 0.007630, -0.997130, 0.101279, 0.070141, 0.997453, 0.012931, 0.015194, 0.000000, 0.000000, 0.000000, 1.000000
-19.9796, 16.4228, -18.2060, 250.2268, 272.2325, -16.4233, 218.2002, 11.2457, 101.2781, 15.1926, 0.946268, -0.093697, -0.309513, 0.016423, 0.121243, 0.990084, 0.070949, -0.018206, 0.299797, -0.104663, 0.948244, 0.250227, 0.000000, 0.000000, 0.000000, 1.000000, 0.299756, -0.104977, 0.948223, 0.272232, -0.946268, 0.093698, 0.309512, -0.016423, -0.121338, -0.990051, -0.071249, 0.218200, 0.000000, 0.000000, 0.000000, 1.000000, 0.994689, -0.070913, 0.074602, 0.011246, 0.075329, 0.007638, -0.997129, 0.101278, 0.070140, 0.997453, 0.012940, 0.015193, 0.000000, 0.000000, 0.000000, 1.000000
-19.9746, 16.4173, -18.2132, 250.2222, 272.2279, -16.4177, 218.2074, 11.2491, 101.2776, 15.1917, 0.946295, -0.093691, -0.309431, 0.016417, 0.121225, 0.990086, 0.070947, -0.018213, 0.299716, -0.104648, 0.948272, 0.250222, 0.000000, 0.000000, 0.000000, 1.000000, 0.299676, -0.104961, 0.948250, 0.272228, -0.946296, 0.093691, 0.309429, -0.016418, -0.121320, -0.990053, -0.071247, 0.218207, 0.000000, 0.000000, 0.000000, 1.000000, 0.994689, -0.070912, 0.074601, 0.011249, 0.075329, 0.007645, -0.997129, 0.101278, 0.070138, 0.997453, 0.012946, 0.015192, 0.000000, 0.000000, 0.000000, 1.000000
-19.9719, 16.4143, -18.2166, 250.2199, 272.2256, -16.4147, 218.2109, 11.2510, 101.2772, 15.1913, 0.946310, -0.093687, -0.309386, 0.016414, 0.121217, 0.990087, 0.070947, -0.018217, 0.299672, -0.104640, 0.948286, 0.250220, 0.000000, 0.000000, 0.000000, 1.000000, 0.299632, -0.104953, 0.948264, 0.272226, -0.946311, 0.093688, 0.309384, -0.016415, -0.121311, -0.990054, -0.071247, 0.218211, 0.000000, 0.000000, 0.000000, 1.000000, 0.994689, -0.070912, 0.074601, 0.011251, 0.075329, 0.007648, -0.997129, 0.101277, 0.070137, 0.997453, 0.012950, 0.015191, 0.000000, 0.000000, 0.000000, 1.000000
-19.9659, 16.4079, -18.2232, 250.2153, 272.2210, -16.4084, 218.2175, 11.2552, 101.2763, 15.1903, 0.946343, -0.093681, -0.309287, 0.016408, 0.121199, 0.990090, 0.070948, -0.018223, 0.299575, -0.104626, 0.948319, 0.250215, 0.000000, 0.000000, 0.000000, 1.000000, 0.299535, -0.104939, 0.948297, 0.272221, -0.946344, 0.093681, 0.309285, -0.016408, -0.121294, -0.990056, -0.071248, 0.218217, 0.000000, 0.000000, 0.000000, 1.000000, 0.994689, -0.070911, 0.074601, 0.011255, 0.075330, 0.007656, -0.997129, 0.101276, 0.070136, 0.997453, 0.012957, 0.015190, 0.000000, 0.000000, 0.000000, 1.000000
-19.9592, 16.4010, -18.2293, 250.2108, 272.2165, -16.4014, 218.2237, 11.2601, 101.2752, 15.1894, 0.946380, -0.093675, -0.309176, 0.016401, 0.121181, 0.990091, 0.070952, -0.018229, 0.299466, -0.104613, 0.948355, 0.250211, 0.000000, 0.000000, 0.000000, 1.000000, 0.299426, -0.104926, 0.948333, 0.272216, -0.946381, 0.093675, 0.309174, -0.016401, -0.121276, -0.990058, -0.071251, 0.218224, 0.000000, 0.000000, 0.000000, 1.000000, 0.994689, -0.070910, 0.074601, 0.011260, 0.075330, 0.007665, -0.997129, 0.101275, 0.070134, 0.997453, 0.012966, 0.015189, 0.000000, 0.000000, 0.000000, 1.000000
-19.9556, 16.3973, -18.2322, 250.2085, 272.2142, -16.3978, 218.2266, 11.2628, 101.2746, 15.1889, 0.946400, -0.093673, -0.309116, 0.016397, 0.121172, 0.990092, 0.070954, -0.018232, 0.299407, -0.104608, 0.948374, 0.250209, 0.000000, 0.000000, 0.000000, 1.000000, 0.299367, -0.104920, 0.948352, 0.272214, -0.946400, 0.093673, 0.309114, -0.016398, -0.121267, -0.990059, -0.071254, 0.218227, 0.000000, 0.000000, 0.000000, 1.000000, 0.994689, -0.070909, 0.074600, 0.011263, 0.075330, 0.007670, -0.997129, 0.101275, 0.070133, 0.997453, 0.012970, 0.015189, 0.000000, 0.000000, 0.000000, 1.000000
-19.9518, 16.3935, -18.2349, 250.2063, 272.2120, -16.3940, 218.2294, 11.2656, 101.2739, 15.1885, 0.946421, -0.093670, -0.309053, 0.016394, 0.121164, 0.990093, 0.070958, -0.018235, 0.299345, -0.104602, 0.948394, 0.250206, 0.000000, 0.000000, 0.000000, 1.000000, 0.299305, -0.104915, 0.948372, 0.272212, -0.946421, 0.093670, 0.309051, -0.016394, -0.121258, -0.990060, -0.071258, 0.218229, 0.000000, 0.000000, 0.000000, 1.000000, 0.994689, -0.070908, 0.074600, 0.011266, 0.075330, 0.007674, -0.997129, 0.101274, 0.070132, 0.997453, 0.012975, 0.015188, 0.000000, 0.000000, 0.000000, 1.000000
-19.9437, 16.3855, -18.2401, 250.2018, 272.2075, -16.3860, 218.2346, 11.2718, 101.2723, 15.1875, 0.946465, -0.093665, -0.308919, 0.016386, 0.121146, 0.990095, 0.070967, -0.018240, 0.299212, -0.104592, 0.948437, 0.250202, 0.000000, 0.000000, 0.000000, 1.000000, 0.299172, -0.104904, 0.948415, 0.272208, -0.946465, 0.093665, 0.308917, -0.016386, -0.121240, -0.990062, -0.071266, 0.218235, 0.000000, 0.000000, 0.000000, 1.000000, 0.994689, -0.070907, 0.074600, 0.011272, 0.075331, 0.007685, -0.997129, 0.101272, 0.070130, 0.997453, 0.012985, 0.015188, 0.000000, 0.000000, 0.000000, 1.000000
-19.9349, 16.3769, -18.2447, 250.1974, 272.2031, -16.3774, 218.2393, 11.2786, 101.2704, 15.1866, 0.946513, -0.093661, -0.308773, 0.016377, 0.121128, 0.990096, 0.070979, -0.018245, 0.299067, -0.104584, 0.948484, 0.250197, 0.000000, 0.000000, 0.000000, 1.000000, 0.299027, -0.104896, 0.948462, 0.272203, -0.946514, 0.093661, 0.308771, -0.016377, -0.121223, -0.990063, -0.071278, 0.218239, 0.000000, 0.000000, 0.000000, 1.000000, 0.994690, -0.070906, 0.074599, 0.011279, 0.075331, 0.007696, -0.997129, 0.101270, 0.070128, 0.997453, 0.012997, 0.015187, 0.000000, 0.000000, 0.000000, 1.000000
-19.9153, 16.3589, -18.2491, 250.1904, 272.1961, -16.3593, 218.2437, 11.2944, 101.2657, 15.1851, 0.946619, -0.093657, -0.308449, 0.016359, 0.121099, 0.990097, 0.071017, -0.018249, 0.298743, -0.104579, 0.948586, 0.250190, 0.000000, 0.000000, 0.000000, 1.000000, 0.298703, -0.104891, 0.948564, 0.272196, -0.946620, 0.093657, 0.308447, -0.016359, -0.121193, -0.990064, -0.071316, 0.218244, 0.000000, 0.000000, 0.000000, 1.000000, 0.994690, -0.070902, 0.074599, 0.011294, 0.075332, 0.007721, -0.997129, 0.101266, 0.070123, 0.997453, 0.013021, 0.015185, 0.000000, 0.000000, 0.000000, 1.000000
-19.9046, 16.3510, -18.2393, 250.1923, 272.1980, -16.3514, 218.2338, 11.3044, 101.2618, 15.1854, 0.946676, -0.093667, -0.308272, 0.016351, 0.121104, 0.990093, 0.071062, -0.018239, 0.298562, -0.104606, 0.948640, 0.250192, 0.000000, 0.000000, 0.000000, 1.000000, 0.298522, -0.104918, 0.948618, 0.272198, -0.946676, 0.093668, 0.308270, -0.016351, -0.121198, -0.990060, -0.071362, 0.218234, 0.000000, 0.000000, 0.000000, 1.000000, 0.994690, -0.070901, 0.074598, 0.011304, 0.075332, 0.007734, -0.997128, 0.101262, 0.070120, 0.997453, 0.013034, 0.015185, 0.000000, 0.000000, 0.000000, 1.000000
-19.8990, 16.3468, -18.2347, 250.1931, 272.1988, -16.3472, 218.2292, 11.3096, 101.2598, 15.1854, 0.946705, -0.093672, -0.308180, 0.016347, 0.121105, 0.990091, 0.071085, -0.018235, 0.298468, -0.104619, 0.948669, 0.250193, 0.000000, 0.000000, 0.000000, 1.000000, 0.298428, -0.104931, 0.948647, 0.272199, -0.946706, 0.093672, 0.308178, -0.016347, -0.121199, -0.990058, -0.071384, 0.218229, 0.000000, 0.000000, 0.000000, 1.000000, 0.994690, -0.070900, 0.074598, 0.011310, 0.075333, 0.007741, -0.997128, 0.101260, 0.070119, 0.997453, 0.013041, 0.015185, 0.000000, 0.000000, 0.000000, 1.000000
-19.8874, 16.3380, -18.2262, 250.1942, 272.1999, -16.3384, 218.2205, 11.3201, 101.2559, 15.1855, 0.946766, -0.093681, -0.307989, 0.016338, 0.121107, 0.990088, 0.071130, -0.018226, 0.298273, -0.104643, 0.948727, 0.250194, 0.000000, 0.000000, 0.000000, 1.000000, 0.298233, -0.104955, 0.948705, 0.272200, -0.946767, 0.093681, 0.307987, -0.016338, -0.121201, -0.990055, -0.071429, 0.218221, 0.000000, 0.000000, 0.000000, 1.000000, 0.994690, -0.070898, 0.074597, 0.011320, 0.075333, 0.007756, -0.997128, 0.101256, 0.070116, 0.997453, 0.013056, 0.015186, 0.000000, 0.000000, 0.000000, 1.000000
-19.8815, 16.3333, -18.2223, 250.1945, 272.2003, -16.3337, 218.2166, 11.3256, 101.2538, 15.1855, 0.946798, -0.093685, -0.307890, 0.016333, 0.121107, 0.990086, 0.071152, -0.018222, 0.298172, -0.104654, 0.948758, 0.250195, 0.000000, 0.000000, 0.000000, 1.000000, 0.298132, -0.104967, 0.948736, 0.272200, -0.946799, 0.093686, 0.307889, -0.016334, -0.121201, -0.990053, -0.071452, 0.218217, 0.000000, 0.000000, 0.000000, 1.000000, 0.994690, -0.070897, 0.074597, 0.011326, 0.075333, 0.007763, -0.997128, 0.101254, 0.070114, 0.997453, 0.013063, 0.015186, 0.000000, 0.000000, 0.000000, 1.000000
-19.8691, 16.3236, -18.2152, 250.1948, 272.2005, -16.3240, 218.2095, 11.3367, 101.2498, 15.1854, 0.946864, -0.093693, -0.307686, 0.016324, 0.121105, 0.990083, 0.071195, -0.018215, 0.297964, -0.104674, 0.948821, 0.250195, 0.000000, 0.000000, 0.000000, 1.000000, 0.297924, -0.104988, 0.948799, 0.272200, -0.946864, 0.093693, 0.307684, -0.016324, -0.121199, -0.990050, -0.071495, 0.218209, 0.000000, 0.000000, 0.000000, 1.000000, 0.994691, -0.070895, 0.074597, 0.011337, 0.075334, 0.007779, -0.997128, 0.101250, 0.070111, 0.997453, 0.013078, 0.015185, 0.000000, 0.000000, 0.000000, 1.000000
-19.8562, 16.3132, -18.2093, 250.1944, 272.2001, -16.3137, 218.2035, 11.3480, 101.2458, 15.1852, 0.946932, -0.093700, -0.307474, 0.016313, 0.121101, 0.990081, 0.071238, -0.018209, 0.297749, -0.104692, 0.948886, 0.250194, 0.000000, 0.000000, 0.000000, 1.000000, 0.297709, -0.105006, 0.948864, 0.272200, -0.946933, 0.093700, 0.307472, -0.016314, -0.121195, -0.990048, -0.071538, 0.218203, 0.000000, 0.000000, 0.000000, 1.000000, 0.994691, -0.070893, 0.074596, 0.011348, 0.075334, 0.007795, -0.997128, 0.101246, 0.070108, 0.997453, 0.013094, 0.015185, 0.000000, 0.000000, 0.000000, 1.000000
-19.8496, 16.3078, -18.2067, 250.1939, 272.1997, -16.3083, 218.2009, 11.3538, 101.2437, 15.1851, 0.946967, -0.093703, -0.307365, 0.016308, 0.121098, 0.990080, 0.071258, -0.018207, 0.297638, -0.104701, 0.948920, 0.250194, 0.000000, 0.000000, 0.000000, 1.000000, 0.297598, -0.105014, 0.948898, 0.272200, -0.946968, 0.093703, 0.307363, -0.016308, -0.121192, -0.990046, -0.071559, 0.218201, 0.000000, 0.000000, 0.000000, 1.000000, 0.994691, -0.070892, 0.074596, 0.011354, 0.075335, 0.007803, -0.997128, 0.101244, 0.070106, 0.997453, 0.013102, 0.015185, 0.000000, 0.000000, 0.000000, 1.000000
-19.8429, 16.3023, -18.2045, 250.1933, 272.1991, -16.3028, 218.1985, 11.3597, 101.2417, 15.1849, 0.947003, -0.093705, -0.307254, 0.016302, 0.121094, 0.990079, 0.071279, -0.018204, 0.297526, -0.104708, 0.948954, 0.250193, 0.000000, 0.000000, 0.000000, 1.000000, 0.297486, -0.105022, 0.948932, 0.272199, -0.947003, 0.093706, 0.307252, -0.016303, -0.121188, -0.990045, -0.071580, 0.218199, 0.000000, 0.000000, 0.000000, 1.000000, 0.994691, -0.070891, 0.074595, 0.011360, 0.075335, 0.007812, -0.997128, 0.101242, 0.070104, 0.997454, 0.013111, 0.015185, 0.000000, 0.000000, 0.000000, 1.000000
-19.8149, 16.2789, -18.1980, 250.1895, 272.1953, -16.2794, 218.1920, 11.3836, 101.2336, 15.1838, 0.947152, -0.093714, -0.306792, 0.016279, 0.121075, 0.990075, 0.071358, -0.018198, 0.297060, -0.104732, 0.949098, 0.250190, 0.000000, 0.000000, 0.000000, 1.000000, 0.297020, -0.105046, 0.949075, 0.272195, -0.947152, 0.093714, 0.306791, -0.016279, -0.121169, -0.990042, -0.071660, 0.218192, 0.000000, 0.000000, 0.000000, 1.000000, 0.994691, -0.070886, 0.074594, 0.011384, 0.075336, 0.007847, -0.997127, 0.101234, 0.070097, 0.997454, 0.013145, 0.015184, 0.000000, 0.000000, 0.000000, 1.000000
-19.8005, 16.2666, -18.1963, 250.1868, 272.1925, -16.2670, 218.1902, 11.3959, 101.2296, 15.1831, 0.947229, -0.093717, -0.306554, 0.016267, 0.121062, 0.990074, 0.071396, -0.018196, 0.296820, -0.104740, 0.949172, 0.250187, 0.000000, 0.000000, 0.000000, 1.000000, 0.296780, -0.105055, 0.949150, 0.272193, -0.947229, 0.093717, 0.306552, -0.016267, -0.121156, -0.990041, -0.071698, 0.218190, 0.000000, 0.000000, 0.000000, 1.000000, 0.994692, -0.070884, 0.074593, 0.011396, 0.075337, 0.007865, -0.997127, 0.101230, 0.070093, 0.997454, 0.013163, 0.015183, 0.000000, 0.000000, 0.000000, 1.000000
-19.7932, 16.2602, -18.1959, 250.1852, 272.1909, -16.2607, 218.1898, 11.4020, 101.2276, 15.1828, 0.947268, -0.093718, -0.306433, 0.016260, 0.121054, 0.990074, 0.071414, -0.018196, 0.296698, -0.104744, 0.949210, 0.250185, 0.000000, 0.000000, 0.000000, 1.000000, 0.296658, -0.105058, 0.949187, 0.272191, -0.947268, 0.093718, 0.306431, -0.016261, -0.121149, -0.990040, -0.071716, 0.218190, 0.000000, 0.000000, 0.000000, 1.000000, 0.994692, -0.070883, 0.074593, 0.011402, 0.075337, 0.007874, -0.997127, 0.101228, 0.070091, 0.997454, 0.013173, 0.015183, 0.000000, 0.000000, 0.000000, 1.000000
-19.7783, 16.2473, -18.1957, 250.1817, 272.1874, -16.2477, 218.1895, 11.4144, 101.2236, 15.1819, 0.947347, -0.093719, -0.306188, 0.016247, 0.121039, 0.990073, 0.071450, -0.018196, 0.296452, -0.104749, 0.949286, 0.250182, 0.000000, 0.000000, 0.000000, 1.000000, 0.296412, -0.105063, 0.949264, 0.272187, -0.947347, 0.093719, 0.306186, -0.016248, -0.121133, -0.990040, -0.071752, 0.218190, 0.000000, 0.000000, 0.000000, 1.000000, 0.994692, -0.070880, 0.074592, 0.011414, 0.075338, 0.007893, -0.997127, 0.101224, 0.070088, 0.997454, 0.013191, 0.015182, 0.000000, 0.000000, 0.000000, 1.000000
-19.7708, 16.2407, -18.1959, 250.1797, 272.1855, -16.2411, 218.1897, 11.4206, 101.2216, 15.1814, 0.947387, -0.093719, -0.306064, 0.016241, 0.121030, 0.990073, 0.071467, -0.018196, 0.296328, -0.104750, 0.949325, 0.250180, 0.000000, 0.000000, 0.000000, 1.000000, 0.296287, -0.105065, 0.949302, 0.272185, -0.947387, 0.093719, 0.306062, -0.016241, -0.121125, -0.990039, -0.071769, 0.218190, 0.000000, 0.000000, 0.000000, 1.000000, 0.994692, -0.070879, 0.074592, 0.011421, 0.075338, 0.007903, -0.997127, 0.101222, 0.070086, 0.997454, 0.013201, 0.015181, 0.000000, 0.000000, 0.000000, 1.000000
-19.7557, 16.2273, -18.1970, 250.1755, 272.1813, -16.2278, 218.1908, 11.4330, 101.2177, 15.1805, 0.947467, -0.093719, -0.305814, 0.016227, 0.121012, 0.990073, 0.071501, -0.018197, 0.296077, -0.104752, 0.949403, 0.250176, 0.000000, 0.000000, 0.000000, 1.000000, 0.296037, -0.105067, 0.949380, 0.272181, -0.947468, 0.093720, 0.305812, -0.016228, -0.121106, -0.990039, -0.071803, 0.218191, 0.000000, 0.000000, 0.000000, 1.000000, 0.994692, -0.070876, 0.074591, 0.011433, 0.075338, 0.007922, -0.997127, 0.101218, 0.070082, 0.997454, 0.013219, 0.015180, 0.000000, 0.000000, 0.000000, 1.000000
-19.7405, 16.2137, -18.1990, 250.1709, 272.1767, -16.2141, 218.1927, 11.4455, 101.2139, 15.1794, 0.947549, -0.093719, -0.305562, 0.016214, 0.120992, 0.990073, 0.071533, -0.018199, 0.295824, -0.104752, 0.949481, 0.250171, 0.000000, 0.000000, 0.000000, 1.000000, 0.295784, -0.105067, 0.949459, 0.272177, -0.947549, 0.093719, 0.305560, -0.016214, -0.121087, -0.990039, -0.071836, 0.218193, 0.000000, 0.000000, 0.000000, 1.000000, 0.994692, -0.070874, 0.074591, 0.011446, 0.075339, 0.007941, -0.997126, 0.101214, 0.070078, 0.997454, 0.013239, 0.015179, 0.000000, 0.000000, 0.000000, 1.000000
-19.7328, 16.2068, -18.2002, 250.1685, 272.1743, -16.2072, 218.1940, 11.4518, 101.2120, 15.1789, 0.947590, -0.093718, -0.305435, 0.016207, 0.120982, 0.990073, 0.071549, -0.018200, 0.295698, -0.104751, 0.949521, 0.250168, 0.000000, 0.000000, 0.000000, 1.000000, 0.295657, -0.105066, 0.949499, 0.272174, -0.947590, 0.093718, 0.305434, -0.016207, -0.121076, -0.990039, -0.071851, 0.218194, 0.000000, 0.000000, 0.000000, 1.000000, 0.994693, -0.070872, 0.074590, 0.011452, 0.075339, 0.007951, -0.997126, 0.101212, 0.070076, 0.997454, 0.013248, 0.015179, 0.000000, 0.000000, 0.000000, 1.000000
-19.7020, 16.1787, -18.2068, 250.1580, 272.1637, -16.1792, 218.2005, 11.4767, 101.2045, 15.1765, 0.947754, -0.093714, -0.304925, 0.016179, 0.120938, 0.990074, 0.071609, -0.018207, 0.295187, -0.104745, 0.949680, 0.250158, 0.000000, 0.000000, 0.000000, 1.000000, 0.295147, -0.105060, 0.949658, 0.272164, -0.947755, 0.093714, 0.304923, -0.016179, -0.121032, -0.990040, -0.071912, 0.218201, 0.000000, 0.000000, 0.000000, 1.000000, 0.994693, -0.070867, 0.074589, 0.011477, 0.075341, 0.007990, -0.997126, 0.101204, 0.070068, 0.997454, 0.013287, 0.015176, 0.000000, 0.000000, 0.000000, 1.000000
-19.6865, 16.1646, -18.2109, 250.1523, 272.1581, -16.1650, 218.2046, 11.4891, 101.2008, 15.1752, 0.947837, -0.093711, -0.304669, 0.016165, 0.120914, 0.990075, 0.071637, -0.018211, 0.294932, -0.104739, 0.949760, 0.250152, 0.000000, 0.000000, 0.000000, 1.000000, 0.294892, -0.105055, 0.949738, 0.272158, -0.947837, 0.093712, 0.304668, -0.016165, -0.121008, -0.990041, -0.071940, 0.218205, 0.000000, 0.000000, 0.000000, 1.000000, 0.994693, -0.070865, 0.074588, 0.011489, 0.075341, 0.008010, -0.997126, 0.101201, 0.070064, 0.997454, 0.013306, 0.015175, 0.000000, 0.000000, 0.000000, 1.000000
-19.6788, 16.1575, -18.2131, 250.1494, 272.1552, -16.1579, 218.2069, 11.4952, 101.1990, 15.1746, 0.947878, -0.093710, -0.304542, 0.016157, 0.120902, 0.990075, 0.071651, -0.018213, 0.294805, -0.104736, 0.949800, 0.250149, 0.000000, 0.000000, 0.000000, 1.000000, 0.294765, -0.105052, 0.949778, 0.272155, -0.947878, 0.093710, 0.304541, -0.016158, -0.120996, -0.990042, -0.071954, 0.218207, 0.000000, 0.000000, 0.000000, 1.000000, 0.994693, -0.070863, 0.074588, 0.011495, 0.075342, 0.008020, -0.997126, 0.101199, 0.070062, 0.997454, 0.013316, 0.015175, 0.000000, 0.000000, 0.000000, 1.000000
-19.6635, 16.1433, -18.2179, 250.1435, 272.1493, -16.1437, 218.2116, 11.5075, 101.1954, 15.1732, 0.947960, -0.093706, -0.304289, 0.016143, 0.120878, 0.990076, 0.071678, -0.018218, 0.294552, -0.104730, 0.949879, 0.250144, 0.000000, 0.000000, 0.000000, 1.000000, 0.294512, -0.105045, 0.949857, 0.272149, -0.947960, 0.093707, 0.304287, -0.016144, -0.120972, -0.990043, -0.071981, 0.218212, 0.000000, 0.000000, 0.000000, 1.000000, 0.994694, -0.070861, 0.074587, 0.011507, 0.075342, 0.008039, -0.997125, 0.101195, 0.070058, 0.997454, 0.013335, 0.015173, 0.000000, 0.000000, 0.000000, 1.000000
-19.6559, 16.1362, -18.2203, 250.1405, 272.1463, -16.1367, 218.2141, 11.5135, 101.1936, 15.1726, 0.948000, -0.093705, -0.304162, 0.016136, 0.120865, 0.990077, 0.071691, -0.018220, 0.294426, -0.104726, 0.949919, 0.250141, 0.000000, 0.000000, 0.000000, 1.000000, 0.294386, -0.105041, 0.949896, 0.272146, -0.948001, 0.093705, 0.304161, -0.016137, -0.120959, -0.990043, -0.071994, 0.218214, 0.000000, 0.000000, 0.000000, 1.000000, 0.994694, -0.070860, 0.074587, 0.011514, 0.075343, 0.008049, -0.997125, 0.101194, 0.070056, 0.997454, 0.013345, 0.015173, 0.000000, 0.000000, 0.000000, 1.000000
-19.6408, 16.1221, -18.2255, 250.1345, 272.1402, -16.1226, 218.2193, 11.5255, 101.1901, 15.1712, 0.948081, -0.093701, -0.303912, 0.016122, 0.120840, 0.990078, 0.071717, -0.018226, 0.294177, -0.104718, 0.949997, 0.250134, 0.000000, 0.000000, 0.000000, 1.000000, 0.294137, -0.105033, 0.949975, 0.272140, -0.948082, 0.093701, 0.303910, -0.016123, -0.120934, -0.990045, -0.072019, 0.218219, 0.000000, 0.000000, 0.000000, 1.000000, 0.994694, -0.070857, 0.074586, 0.011526, 0.075343, 0.008068, -0.997125, 0.101190, 0.070052, 0.997454, 0.013364, 0.015171, 0.000000, 0.000000, 0.000000, 1.000000
-19.6333, 16.1151, -18.2282, 250.1314, 272.1372, -16.1156, 218.2219, 11.5315, 101.1884, 15.1706, 0.948121, -0.093699, -0.303788, 0.016115, 0.120828, 0.990079, 0.071729, -0.018228, 0.294053, -0.104714, 0.950036, 0.250131, 0.000000, 0.000000, 0.000000, 1.000000, 0.294013, -0.105029, 0.950013, 0.272137, -0.948121, 0.093699, 0.303786, -0.016116, -0.120922, -0.990045, -0.072032, 0.218222, 0.000000, 0.000000, 0.000000, 1.000000, 0.994694, -0.070856, 0.074586, 0.011531, 0.075344, 0.008078, -0.997125, 0.101188, 0.070050, 0.997454, 0.013373, 0.015171, 0.000000, 0.000000, 0.000000, 1.000000
-19.6184, 16.1012, -18.2336, 250.1253, 272.1311, -16.1017, 218.2274, 11.5432, 101.1850, 15.1692, 0.948200, -0.093695, -0.303543, 0.016101, 0.120803, 0.990080, 0.071753, -0.018234, 0.293808, -0.104705, 0.950112, 0.250125, 0.000000, 0.000000, 0.000000, 1.000000, 0.293768, -0.105020, 0.950090, 0.272131, -0.948201, 0.093695, 0.303541, -0.016102, -0.120896, -0.990046, -0.072056, 0.218227, 0.000000, 0.000000, 0.000000, 1.000000, 0.994694, -0.070853, 0.074585, 0.011543, 0.075344, 0.008097, -0.997125, 0.101185, 0.070046, 0.997454, 0.013392, 0.015169, 0.000000, 0.000000, 0.000000, 1.000000
-19.6038, 16.0875, -18.2391, 250.1192, 272.1250, -16.0880, 218.2329, 11.5547, 101.1817, 15.1679, 0.948278, -0.093690, -0.303301, 0.016088, 0.120778, 0.990081, 0.071777, -0.018239, 0.293568, -0.104696, 0.950188, 0.250119, 0.000000, 0.000000, 0.000000, 1.000000, 0.293527, -0.105012, 0.950165, 0.272125, -0.948278, 0.093690, 0.303299, -0.016088, -0.120871, -0.990048, -0.072079, 0.218233, 0.000000, 0.000000, 0.000000, 1.000000, 0.994695, -0.070851, 0.074585, 0.011555, 0.075345, 0.008115, -0.997125, 0.101182, 0.070042, 0.997454, 0.013410, 0.015168, 0.000000, 0.000000, 0.000000, 1.000000
-19.5895, 16.0740, -18.2447, 250.1132, 272.1189, -16.0745, 218.2385, 11.5661, 101.1784, 15.1666, 0.948354, -0.093686, -0.303063, 0.016074, 0.120753, 0.990083, 0.071800, -0.018245, 0.293331, -0.104687, 0.950262, 0.250113, 0.000000, 0.000000, 0.000000, 1.000000, 0.293290, -0.105002, 0.950240, 0.272119, -0.948355, 0.093686, 0.303061, -0.016074, -0.120846, -0.990049, -0.072102, 0.218238, 0.000000, 0.000000, 0.000000, 1.000000, 0.994695, -0.070848, 0.074584, 0.011566, 0.075345, 0.008134, -0.997124, 0.101178, 0.070038, 0.997454, 0.013429, 0.015167, 0.000000, 0.000000, 0.000000, 1.000000
-19.5754, 16.0613, -18.2468, 250.1088, 272.1146, -16.0618, 218.2406, 11.5776, 101.1749, 15.1655, 0.948429, -0.093685, -0.302830, 0.016061, 0.120734, 0.990083, 0.071829, -0.018247, 0.293097, -0.104687, 0.950334, 0.250109, 0.000000, 0.000000, 0.000000, 1.000000, 0.293057, -0.105002, 0.950312, 0.272115, -0.948429, 0.093685, 0.302828, -0.016062, -0.120828, -0.990049, -0.072132, 0.218241, 0.000000, 0.000000, 0.000000, 1.000000, 0.994695, -0.070846, 0.074583, 0.011578, 0.075346, 0.008151, -0.997124, 0.101175, 0.070034, 0.997454, 0.013446, 0.015166, 0.000000, 0.000000, 0.000000, 1.000000
-19.5684, 16.0553, -18.2462, 250.1074, 272.1131, -16.0558, 218.2400, 11.5834, 101.1729, 15.1652, 0.948465, -0.093686, -0.302715, 0.016055, 0.120728, 0.990082, 0.071847, -0.018246, 0.292982, -0.104690, 0.950369, 0.250107, 0.000000, 0.000000, 0.000000, 1.000000, 0.292941, -0.105005, 0.950347, 0.272113, -0.948466, 0.093686, 0.302713, -0.016056, -0.120821, -0.990049, -0.072149, 0.218240, 0.000000, 0.000000, 0.000000, 1.000000, 0.994695, -0.070845, 0.074583, 0.011583, 0.075346, 0.008160, -0.997124, 0.101173, 0.070032, 0.997454, 0.013455, 0.015165, 0.000000, 0.000000, 0.000000, 1.000000
-19.5548, 16.0434, -18.2455, 250.1044, 272.1102, -16.0439, 218.2393, 11.5948, 101.1692, 15.1645, 0.948537, -0.093688, -0.302489, 0.016043, 0.120714, 0.990082, 0.071880, -0.018246, 0.292755, -0.104696, 0.950439, 0.250104, 0.000000, 0.000000, 0.000000, 1.000000, 0.292715, -0.105011, 0.950416, 0.272110, -0.948538, 0.093688, 0.302488, -0.016044, -0.120807, -0.990048, -0.072183, 0.218239, 0.000000, 0.000000, 0.000000, 1.000000, 0.994695, -0.070842, 0.074582, 0.011595, 0.075347, 0.008177, -0.997124, 0.101169, 0.070029, 0.997454, 0.013472, 0.015164, 0.000000, 0.000000, 0.000000, 1.000000
-19.5481, 16.0376, -18.2454, 250.1029, 272.1087, -16.0381, 218.2391, 11.6004, 101.1674, 15.1641, 0.948572, -0.093689, -0.302379, 0.016038, 0.120707, 0.990081, 0.071896, -0.018245, 0.292644, -0.104698, 0.950472, 0.250103, 0.000000, 0.000000, 0.000000, 1.000000, 0.292604, -0.105014, 0.950450, 0.272109, -0.948573, 0.093689, 0.302377, -0.016038, -0.120800, -0.990048, -0.072199, 0.218239, 0.000000, 0.000000, 0.000000, 1.000000, 0.994695, -0.070841, 0.074582, 0.011600, 0.075347, 0.008186, -0.997124, 0.101167, 0.070027, 0.997454, 0.013480, 0.015164, 0.000000, 0.000000, 0.000000, 1.000000
-19.5350, 16.0261, -18.2455, 250.0998, 272.1055, -16.0265, 218.2391, 11.6112, 101.1639, 15.1633, 0.948641, -0.093690, -0.302162, 0.016026, 0.120693, 0.990081, 0.071927, -0.018245, 0.292426, -0.104702, 0.950539, 0.250100, 0.000000, 0.000000, 0.000000, 1.000000, 0.292386, -0.105017, 0.950517, 0.272106, -0.948642, 0.093690, 0.302160, -0.016027, -0.120786, -0.990047, -0.072230, 0.218239, 0.000000, 0.000000, 0.000000, 1.000000, 0.994696, -0.070839, 0.074582, 0.011611, 0.075348, 0.008203, -0.997124, 0.101164, 0.070023, 0.997454, 0.013497, 0.015163, 0.000000, 0.000000, 0.000000, 1.000000
-19.5286, 16.0204, -18.2457, 250.0981, 272.1039, -16.0209, 218.2394, 11.6166, 101.1622, 15.1629, 0.948675, -0.093690, -0.302056, 0.016020, 0.120685, 0.990081, 0.071942, -0.018246, 0.292319, -0.104703, 0.950572, 0.250098, 0.000000, 0.000000, 0.000000, 1.000000, 0.292279, -0.105019, 0.950549, 0.272104, -0.948676, 0.093690, 0.302054, -0.016021, -0.120778, -0.990047, -0.072245, 0.218239, 0.000000, 0.000000, 0.000000, 1.000000, 0.994696, -0.070838, 0.074581, 0.011617, 0.075348, 0.008211, -0.997123, 0.101162, 0.070022, 0.997454, 0.013505, 0.015163, 0.000000, 0.000000, 0.000000, 1.000000
-19.5160, 16.0092, -18.2465, 250.0947, 272.1005, -16.0097, 218.2401, 11.6269, 101.1589, 15.1621, 0.948741, -0.093690, -0.301847, 0.016009, 0.120670, 0.990080, 0.071970, -0.018246, 0.292110, -0.104705, 0.950636, 0.250095, 0.000000, 0.000000, 0.000000, 1.000000, 0.292070, -0.105021, 0.950613, 0.272101, -0.948742, 0.093690, 0.301846, -0.016010, -0.120763, -0.990047, -0.072274, 0.218240, 0.000000, 0.000000, 0.000000, 1.000000, 0.994696, -0.070836, 0.074581, 0.011627, 0.075349, 0.008227, -0.997123, 0.101159, 0.070018, 0.997454, 0.013520, 0.015162, 0.000000, 0.000000, 0.000000, 1.000000
-19.5038, 15.9983, -18.2477, 250.0912, 272.0970, -15.9987, 218.2414, 11.6370, 101.1557, 15.1613, 0.948806, -0.093690, -0.301645, 0.015998, 0.120655, 0.990080, 0.071997, -0.018248, 0.291907, -0.104706, 0.950698, 0.250091, 0.000000, 0.000000, 0.000000, 1.000000, 0.291867, -0.105022, 0.950676, 0.272097, -0.948806, 0.093690, 0.301643, -0.015999, -0.120748, -0.990047, -0.072300, 0.218241, 0.000000, 0.000000, 0.000000, 1.000000, 0.994696, -0.070834, 0.074580, 0.011637, 0.075349, 0.008242, -0.997123, 0.101156, 0.070015, 0.997454, 0.013536, 0.015161, 0.000000, 0.000000, 0.000000, 1.000000
-19.4978, 15.9929, -18.2485, 250.0894, 272.0952, -15.9933, 218.2421, 11.6419, 101.1541, 15.1609, 0.948838, -0.093690, -0.301545, 0.015993, 0.120647, 0.990080, 0.072009, -0.018249, 0.291807, -0.104706, 0.950729, 0.250089, 0.000000, 0.000000, 0.000000, 1.000000, 0.291767, -0.105022, 0.950706, 0.272095, -0.948838, 0.093690, 0.301544, -0.015993, -0.120740, -0.990047, -0.072313, 0.218242, 0.000000, 0.000000, 0.000000, 1.000000, 0.994696, -0.070833, 0.074580, 0.011642, 0.075349, 0.008250, -0.997123, 0.101154, 0.070014, 0.997454, 0.013543, 0.015161, 0.000000, 0.000000, 0.000000, 1.000000
-19.4803, 15.9771, -18.2514, 250.0839, 272.0897, -15.9775, 218.2450, 11.6561, 101.1497, 15.1596, 0.948930, -0.093688, -0.301255, 0.015977, 0.120623, 0.990081, 0.072045, -0.018251, 0.291517, -0.104704, 0.950818, 0.250084, 0.000000, 0.000000, 0.000000, 1.000000, 0.291477, -0.105020, 0.950795, 0.272090, -0.948930, 0.093688, 0.301254, -0.015978, -0.120716, -0.990047, -0.072349, 0.218245, 0.000000, 0.000000, 0.000000, 1.000000, 0.994696, -0.070830, 0.074579, 0.011656, 0.075350, 0.008272, -0.997123, 0.101150, 0.070009, 0.997454, 0.013565, 0.015160, 0.000000, 0.000000, 0.000000, 1.000000
-19.4746, 15.9719, -18.2525, 250.0820, 272.0878, -15.9724, 218.2461, 11.6607, 101.1483, 15.1592, 0.948960, -0.093688, -0.301162, 0.015972, 0.120615, 0.990081, 0.072056, -0.018253, 0.291424, -0.104703, 0.950847, 0.250082, 0.000000, 0.000000, 0.000000, 1.000000, 0.291383, -0.105019, 0.950824, 0.272088, -0.948960, 0.093688, 0.301160, -0.015972, -0.120708, -0.990047, -0.072360, 0.218246, 0.000000, 0.000000, 0.000000, 1.000000, 0.994697, -0.070829, 0.074579, 0.011661, 0.075350, 0.008279, -0.997123, 0.101148, 0.070007, 0.997454, 0.013572, 0.015159, 0.000000, 0.000000, 0.000000, 1.000000
-19.4636, 15.9619, -18.2550, 250.0783, 272.0840, -15.9623, 218.2486, 11.6696, 101.1456, 15.1583, 0.949018, -0.093686, -0.300980, 0.015962, 0.120599, 0.990081, 0.072077, -0.018255, 0.291241, -0.104700, 0.950903, 0.250078, 0.000000, 0.000000, 0.000000, 1.000000, 0.291201, -0.105016, 0.950880, 0.272084, -0.949018, 0.093686, 0.300978, -0.015962, -0.120692, -0.990048, -0.072381, 0.218249, 0.000000, 0.000000, 0.000000, 1.000000, 0.994697, -0.070827, 0.074578, 0.011670, 0.075351, 0.008293, -0.997123, 0.101146, 0.070004, 0.997454, 0.013586, 0.015158, 0.000000, 0.000000, 0.000000, 1.000000
-19.4583, 15.9575, -18.2530, 250.0779, 272.0837, -15.9580, 218.2465, 11.6743, 101.1439, 15.1582, 0.949045, -0.093689, -0.300891, 0.015958, 0.120597, 0.990080, 0.072094, -0.018253, 0.291152, -0.104707, 0.950930, 0.250078, 0.000000, 0.000000, 0.000000, 1.000000, 0.291111, -0.105023, 0.950907, 0.272084, -0.949046, 0.093689, 0.300889, -0.015958, -0.120690, -0.990047, -0.072398, 0.218247, 0.000000, 0.000000, 0.000000, 1.000000, 0.994697, -0.070826, 0.074578, 0.011674, 0.075351, 0.008300, -0.997123, 0.101144, 0.070003, 0.997454, 0.013593, 0.015158, 0.000000, 0.000000, 0.000000, 1.000000
-19.4478, 15.9489, -18.2495, 250.0771, 272.0829, -15.9494, 218.2429, 11.6833, 101.1407, 15.1579, 0.949100, -0.093693, -0.300718, 0.015949, 0.120591, 0.990079, 0.072126, -0.018249, 0.290977, -0.104719, 0.950982, 0.250077, 0.000000, 0.000000, 0.000000, 1.000000, 0.290937, -0.105035, 0.950959, 0.272083, -0.949100, 0.093693, 0.300717, -0.015949, -0.120684, -0.990045, -0.072430, 0.218243, 0.000000, 0.000000, 0.000000, 1.000000, 0.994697, -0.070824, 0.074578, 0.011683, 0.075351, 0.008313, -0.997122, 0.101141, 0.070000, 0.997454, 0.013606, 0.015158, 0.000000, 0.000000, 0.000000, 1.000000
-19.4377, 15.9405, -18.2468, 250.0760, 272.0818, -15.9410, 218.2402, 11.6920, 101.1377, 15.1575, 0.949152, -0.093697, -0.300551, 0.015941, 0.120585, 0.990077, 0.072155, -0.018247, 0.290808, -0.104728, 0.951032, 0.250076, 0.000000, 0.000000, 0.000000, 1.000000, 0.290768, -0.105045, 0.951010, 0.272082, -0.949153, 0.093697, 0.300550, -0.015941, -0.120678, -0.990044, -0.072460, 0.218240, 0.000000, 0.000000, 0.000000, 1.000000, 0.994697, -0.070822, 0.074577, 0.011692, 0.075352, 0.008326, -0.997122, 0.101138, 0.069998, 0.997454, 0.013618, 0.015158, 0.000000, 0.000000, 0.000000, 1.000000
-19.4328, 15.9364, -18.2458, 250.0753, 272.0811, -15.9368, 218.2391, 11.6962, 101.1363, 15.1573, 0.949178, -0.093698, -0.300470, 0.015936, 0.120581, 0.990077, 0.072169, -0.018246, 0.290726, -0.104732, 0.951057, 0.250075, 0.000000, 0.000000, 0.000000, 1.000000, 0.290686, -0.105049, 0.951034, 0.272081, -0.949178, 0.093698, 0.300468, -0.015937, -0.120674, -0.990043, -0.072473, 0.218239, 0.000000, 0.000000, 0.000000, 1.000000, 0.994697, -0.070821, 0.074577, 0.011696, 0.075352, 0.008332, -0.997122, 0.101136, 0.069996, 0.997454, 0.013624, 0.015157, 0.000000, 0.000000, 0.000000, 1.000000
-19.4232, 15.9282, -18.2444, 250.0737, 272.0795, -15.9287, 218.2377, 11.7043, 101.1335, 15.1569, 0.949228, -0.093700, -0.300312, 0.015928, 0.120573, 0.990076, 0.072194, -0.018244, 0.290567, -0.104738, 0.951105, 0.250074, 0.000000, 0.000000, 0.000000, 1.000000, 0.290526, -0.105055, 0.951082, 0.272079, -0.949228, 0.093700, 0.300310, -0.015929, -0.120666, -0.990042, -0.072499, 0.218238, 0.000000, 0.000000, 0.000000, 1.000000, 0.994697, -0.070820, 0.074577, 0.011704, 0.075352, 0.008344, -0.997122, 0.101134, 0.069994, 0.997454, 0.013636, 0.015157, 0.000000, 0.000000, 0.000000, 1.000000
