# Joint_5_Angle(deg), Cam_X(mm), Cam_Y(mm), Cam_Z(mm), Torso_X(mm), Torso_Y(mm), Torso_Z(mm), EE_X(mm), EE_Y(mm), EE_Z(mm), T_cam2marker_flat(16), T_torso2marker_flat(16), T_ee2marker_flat(16)
-25.0002, 70.3891, -0.2642, 260.6105, 282.6104, -70.3896, 200.2471, 52.5679, 90.3084, 3.9757, 0.868035, -0.496497, 0.002365, 0.070389, 0.485628, 0.850004, 0.204103, -0.000264, -0.103347, -0.176021, 0.978946, 0.260610, 0.000000, 0.000000, 0.000000, 1.000000, -0.103517, -0.176315, 0.978875, 0.282610, -0.868035, 0.496498, -0.002366, -0.070390, -0.485592, -0.849943, -0.204444, 0.200247, 0.000000, 0.000000, 0.000000, 1.000000, 0.994511, -0.064801, 0.082146, 0.052568, 0.083838, 0.023822, -0.996195, 0.090308, 0.062597, 0.997614, 0.029124, 0.003976, 0.000000, 0.000000, 0.000000, 1.000000
-25.0012, 70.3923, -0.2582, 260.6126, 282.6126, -70.3928, 200.2409, 52.5693, 90.3077, 3.9753, 0.868025, -0.496515, 0.002362, 0.070392, 0.485645, 0.849991, 0.204117, -0.000258, -0.103355, -0.176031, 0.978944, 0.260613, 0.000000, 0.000000, 0.000000, 1.000000, -0.103526, -0.176326, 0.978873, 0.282613, -0.868025, 0.496516, -0.002364, -0.070393, -0.485609, -0.849930, -0.204458, 0.200241, 0.000000, 0.000000, 0.000000, 1.000000, 0.994511, -0.064801, 0.082147, 0.052569, 0.083838, 0.023822, -0.996195, 0.090308, 0.062597, 0.997614, 0.029124, 0.003975, 0.000000, 0.000000, 0.000000, 1.000000
-24.9998, 70.3890, -0.2572, 260.6130, 282.6130, -70.3894, 200.2397, 52.5682, 90.3075, 3.9763, 0.868035, -0.496497, 0.002365, 0.070389, 0.485626, 0.850002, 0.204119, -0.000257, -0.103355, -0.176033, 0.978943, 0.260613, 0.000000, 0.000000, 0.000000, 1.000000, -0.103526, -0.176329, 0.978872, 0.282613, -0.868035, 0.496497, -0.002367, -0.070389, -0.485590, -0.849940, -0.204460, 0.200240, 0.000000, 0.000000, 0.000000, 1.000000, 0.994511, -0.064801, 0.082146, 0.052568, 0.083838, 0.023822, -0.996195, 0.090307, 0.062597, 0.997614, 0.029124, 0.003976, 0.000000, 0.000000, 0.000000, 1.000000
-24.9979, 70.3838, -0.2605, 260.6119, 282.6119, -70.3842, 200.2431, 52.5664, 90.3077, 3.9774, 0.868052, -0.496468, 0.002369, 0.070384, 0.485598, 0.850020, 0.204111, -0.000261, -0.103348, -0.176028, 0.978945, 0.260612, 0.000000, 0.000000, 0.000000, 1.000000, -0.103519, -0.176323, 0.978874, 0.282612, -0.868052, 0.496468, -0.002371, -0.070384, -0.485562, -0.849958, -0.204452, 0.200243, 0.000000, 0.000000, 0.000000, 1.000000, 0.994511, -0.064801, 0.082146, 0.052566, 0.083837, 0.023823, -0.996195, 0.090308, 0.062597, 0.997614, 0.029125, 0.003977, 0.000000, 0.000000, 0.000000, 1.000000
-24.9948, 70.3755, -0.2660, 260.6101, 282.6100, -70.3759, 200.2485, 52.5634, 90.3082, 3.9793, 0.868078, -0.496422, 0.002376, 0.070375, 0.485553, 0.850048, 0.204097, -0.000266, -0.103338, -0.176019, 0.978948, 0.260610, 0.000000, 0.000000, 0.000000, 1.000000, -0.103509, -0.176314, 0.978876, 0.282610, -0.868078, 0.496423, -0.002378, -0.070376, -0.485517, -0.849987, -0.204439, 0.200249, 0.000000, 0.000000, 0.000000, 1.000000, 0.994511, -0.064800, 0.082145, 0.052563, 0.083836, 0.023824, -0.996195, 0.090308, 0.062597, 0.997614, 0.029126, 0.003979, 0.000000, 0.000000, 0.000000, 1.000000
-24.9921, 70.3680, -0.2709, 260.6084, 282.6084, -70.3685, 200.2534, 52.5607, 90.3086, 3.9809, 0.868101, -0.496381, 0.002382, 0.070368, 0.485513, 0.850074, 0.204086, -0.000271, -0.103329, -0.176011, 0.978950, 0.260608, 0.000000, 0.000000, 0.000000, 1.000000, -0.103500, -0.176306, 0.978879, 0.282608, -0.868101, 0.496381, -0.002384, -0.070368, -0.485477, -0.850013, -0.204427, 0.200253, 0.000000, 0.000000, 0.000000, 1.000000, 0.994512, -0.064800, 0.082144, 0.052561, 0.083836, 0.023825, -0.996195, 0.090309, 0.062597, 0.997614, 0.029127, 0.003981, 0.000000, 0.000000, 0.000000, 1.000000
-24.9905, 70.3636, -0.2737, 260.6075, 282.6074, -70.3641, 200.2563, 52.5592, 90.3088, 3.9819, 0.868115, -0.496357, 0.002386, 0.070364, 0.485489, 0.850089, 0.204079, -0.000274, -0.103324, -0.176006, 0.978952, 0.260607, 0.000000, 0.000000, 0.000000, 1.000000, -0.103495, -0.176301, 0.978880, 0.282607, -0.868115, 0.496357, -0.002387, -0.070364, -0.485453, -0.850028, -0.204420, 0.200256, 0.000000, 0.000000, 0.000000, 1.000000, 0.994512, -0.064800, 0.082144, 0.052559, 0.083835, 0.023826, -0.996195, 0.090309, 0.062596, 0.997614, 0.029128, 0.003982, 0.000000, 0.000000, 0.000000, 1.000000
-24.9847, 70.3478, -0.2838, 260.6041, 282.6041, -70.3483, 200.2664, 52.5535, 90.3096, 3.9854, 0.868165, -0.496270, 0.002398, 0.070348, 0.485405, 0.850143, 0.204055, -0.000284, -0.103305, -0.175989, 0.978957, 0.260604, 0.000000, 0.000000, 0.000000, 1.000000, -0.103476, -0.176285, 0.978885, 0.282604, -0.868165, 0.496270, -0.002400, -0.070348, -0.485369, -0.850082, -0.204396, 0.200266, 0.000000, 0.000000, 0.000000, 1.000000, 0.994512, -0.064800, 0.082142, 0.052554, 0.083834, 0.023828, -0.996195, 0.090310, 0.062596, 0.997614, 0.029130, 0.003985, 0.000000, 0.000000, 0.000000, 1.000000
-24.9800, 70.3351, -0.2918, 260.6015, 282.6014, -70.3356, 200.2744, 52.5490, 90.3103, 3.9883, 0.868205, -0.496200, 0.002408, 0.070335, 0.485336, 0.850187, 0.204035, -0.000292, -0.103289, -0.175976, 0.978961, 0.260601, 0.000000, 0.000000, 0.000000, 1.000000, -0.103460, -0.176271, 0.978889, 0.282601, -0.868205, 0.496200, -0.002410, -0.070336, -0.485300, -0.850126, -0.204377, 0.200274, 0.000000, 0.000000, 0.000000, 1.000000, 0.994512, -0.064799, 0.082141, 0.052549, 0.083833, 0.023830, -0.996195, 0.090310, 0.062595, 0.997614, 0.029132, 0.003988, 0.000000, 0.000000, 0.000000, 1.000000
-24.9774, 70.3280, -0.2962, 260.6000, 282.6000, -70.3285, 200.2789, 52.5465, 90.3106, 3.9899, 0.868227, -0.496161, 0.002413, 0.070328, 0.485298, 0.850211, 0.204025, -0.000296, -0.103281, -0.175969, 0.978963, 0.260600, 0.000000, 0.000000, 0.000000, 1.000000, -0.103452, -0.176264, 0.978892, 0.282600, -0.868227, 0.496161, -0.002415, -0.070328, -0.485262, -0.850150, -0.204366, 0.200279, 0.000000, 0.000000, 0.000000, 1.000000, 0.994512, -0.064799, 0.082141, 0.052546, 0.083832, 0.023831, -0.996195, 0.090311, 0.062595, 0.997614, 0.029133, 0.003990, 0.000000, 0.000000, 0.000000, 1.000000
-24.9716, 70.3124, -0.3058, 260.5969, 282.5969, -70.3129, 200.2885, 52.5409, 90.3114, 3.9934, 0.868276, -0.496075, 0.002425, 0.070312, 0.485215, 0.850265, 0.204002, -0.000306, -0.103262, -0.175953, 0.978968, 0.260597, 0.000000, 0.000000, 0.000000, 1.000000, -0.103433, -0.176248, 0.978896, 0.282597, -0.868276, 0.496075, -0.002427, -0.070313, -0.485179, -0.850203, -0.204343, 0.200288, 0.000000, 0.000000, 0.000000, 1.000000, 0.994512, -0.064799, 0.082139, 0.052541, 0.083831, 0.023833, -0.996195, 0.090311, 0.062595, 0.997614, 0.029135, 0.003993, 0.000000, 0.000000, 0.000000, 1.000000
-24.9685, 70.3039, -0.3110, 260.5952, 282.5952, -70.3044, 200.2937, 52.5379, 90.3118, 3.9953, 0.868303, -0.496028, 0.002432, 0.070304, 0.485169, 0.850294, 0.203989, -0.000311, -0.103252, -0.175944, 0.978970, 0.260595, 0.000000, 0.000000, 0.000000, 1.000000, -0.103423, -0.176240, 0.978899, 0.282595, -0.868303, 0.496029, -0.002434, -0.070304, -0.485133, -0.850232, -0.204330, 0.200294, 0.000000, 0.000000, 0.000000, 1.000000, 0.994512, -0.064799, 0.082138, 0.052538, 0.083830, 0.023835, -0.996195, 0.090312, 0.062594, 0.997614, 0.029136, 0.003995, 0.000000, 0.000000, 0.000000, 1.000000
-24.9616, 70.2854, -0.3222, 260.5916, 282.5916, -70.2859, 200.3049, 52.5313, 90.3127, 3.9994, 0.868361, -0.495927, 0.002446, 0.070285, 0.485070, 0.850357, 0.203962, -0.000322, -0.103231, -0.175926, 0.978976, 0.260592, 0.000000, 0.000000, 0.000000, 1.000000, -0.103401, -0.176221, 0.978905, 0.282592, -0.868361, 0.495927, -0.002448, -0.070286, -0.485034, -0.850296, -0.204303, 0.200305, 0.000000, 0.000000, 0.000000, 1.000000, 0.994512, -0.064798, 0.082137, 0.052531, 0.083829, 0.023837, -0.996195, 0.090313, 0.062594, 0.997614, 0.029139, 0.003999, 0.000000, 0.000000, 0.000000, 1.000000
-24.9580, 70.2754, -0.3282, 260.5897, 282.5896, -70.2759, 200.3109, 52.5278, 90.3131, 4.0017, 0.868392, -0.495872, 0.002454, 0.070275, 0.485016, 0.850391, 0.203948, -0.000328, -0.103219, -0.175916, 0.978979, 0.260590, 0.000000, 0.000000, 0.000000, 1.000000, -0.103389, -0.176212, 0.978908, 0.282590, -0.868392, 0.495872, -0.002456, -0.070276, -0.484980, -0.850330, -0.204289, 0.200311, 0.000000, 0.000000, 0.000000, 1.000000, 0.994512, -0.064798, 0.082136, 0.052528, 0.083828, 0.023839, -0.996195, 0.090313, 0.062593, 0.997614, 0.029140, 0.004002, 0.000000, 0.000000, 0.000000, 1.000000
-24.9457, 70.2424, -0.3477, 260.5834, 282.5834, -70.2428, 200.3304, 52.5161, 90.3146, 4.0091, 0.868496, -0.495690, 0.002479, 0.070242, 0.484839, 0.850503, 0.203901, -0.000348, -0.103180, -0.175885, 0.978988, 0.260583, 0.000000, 0.000000, 0.000000, 1.000000, -0.103351, -0.176180, 0.978917, 0.282583, -0.868496, 0.495690, -0.002481, -0.070243, -0.484803, -0.850442, -0.204241, 0.200330, 0.000000, 0.000000, 0.000000, 1.000000, 0.994513, -0.064797, 0.082132, 0.052516, 0.083825, 0.023844, -0.996195, 0.090315, 0.062592, 0.997614, 0.029144, 0.004009, 0.000000, 0.000000, 0.000000, 1.000000
-24.9413, 70.2303, -0.3547, 260.5812, 282.5812, -70.2308, 200.3375, 52.5118, 90.3152, 4.0119, 0.868534, -0.495624, 0.002489, 0.070230, 0.484774, 0.850544, 0.203884, -0.000355, -0.103166, -0.175873, 0.978992, 0.260581, 0.000000, 0.000000, 0.000000, 1.000000, -0.103336, -0.176168, 0.978921, 0.282581, -0.868534, 0.495624, -0.002490, -0.070231, -0.484738, -0.850483, -0.204224, 0.200337, 0.000000, 0.000000, 0.000000, 1.000000, 0.994513, -0.064797, 0.082131, 0.052512, 0.083824, 0.023845, -0.996195, 0.090315, 0.062592, 0.997614, 0.029146, 0.004012, 0.000000, 0.000000, 0.000000, 1.000000
-24.9366, 70.2178, -0.3620, 260.5789, 282.5788, -70.2182, 200.3448, 52.5074, 90.3157, 4.0147, 0.868573, -0.495555, 0.002498, 0.070218, 0.484707, 0.850587, 0.203866, -0.000362, -0.103152, -0.175862, 0.978996, 0.260579, 0.000000, 0.000000, 0.000000, 1.000000, -0.103322, -0.176157, 0.978925, 0.282579, -0.868573, 0.495555, -0.002500, -0.070218, -0.484671, -0.850526, -0.204207, 0.200345, 0.000000, 0.000000, 0.000000, 1.000000, 0.994513, -0.064796, 0.082130, 0.052507, 0.083823, 0.023847, -0.996195, 0.090316, 0.062591, 0.997614, 0.029148, 0.004015, 0.000000, 0.000000, 0.000000, 1.000000
-24.9268, 70.1911, -0.3773, 260.5740, 282.5740, -70.1915, 200.3602, 52.4979, 90.3169, 4.0208, 0.868657, -0.495408, 0.002518, 0.070191, 0.484564, 0.850677, 0.203829, -0.000377, -0.103121, -0.175837, 0.979003, 0.260574, 0.000000, 0.000000, 0.000000, 1.000000, -0.103291, -0.176132, 0.978932, 0.282574, -0.868656, 0.495409, -0.002520, -0.070192, -0.484528, -0.850616, -0.204169, 0.200360, 0.000000, 0.000000, 0.000000, 1.000000, 0.994513, -0.064796, 0.082128, 0.052498, 0.083820, 0.023851, -0.996195, 0.090317, 0.062590, 0.997613, 0.029151, 0.004021, 0.000000, 0.000000, 0.000000, 1.000000
-24.9216, 70.1770, -0.3853, 260.5714, 282.5714, -70.1774, 200.3682, 52.4930, 90.3175, 4.0240, 0.868701, -0.495331, 0.002529, 0.070177, 0.484488, 0.850725, 0.203809, -0.000385, -0.103105, -0.175824, 0.979007, 0.260571, 0.000000, 0.000000, 0.000000, 1.000000, -0.103275, -0.176119, 0.978936, 0.282571, -0.868700, 0.495331, -0.002531, -0.070177, -0.484452, -0.850664, -0.204150, 0.200368, 0.000000, 0.000000, 0.000000, 1.000000, 0.994513, -0.064795, 0.082126, 0.052493, 0.083819, 0.023853, -0.996195, 0.090317, 0.062590, 0.997613, 0.029153, 0.004024, 0.000000, 0.000000, 0.000000, 1.000000
-24.9106, 70.1480, -0.3983, 260.5676, 282.5676, -70.1484, 200.3812, 52.4829, 90.3182, 4.0308, 0.868791, -0.495172, 0.002551, 0.070148, 0.484332, 0.850822, 0.203777, -0.000398, -0.103075, -0.175804, 0.979014, 0.260568, 0.000000, 0.000000, 0.000000, 1.000000, -0.103245, -0.176099, 0.978943, 0.282568, -0.868791, 0.495172, -0.002553, -0.070148, -0.484296, -0.850761, -0.204117, 0.200381, 0.000000, 0.000000, 0.000000, 1.000000, 0.994514, -0.064795, 0.082123, 0.052483, 0.083817, 0.023857, -0.996196, 0.090318, 0.062589, 0.997613, 0.029157, 0.004031, 0.000000, 0.000000, 0.000000, 1.000000
-24.9049, 70.1330, -0.4034, 260.5663, 282.5663, -70.1335, 200.3863, 52.4778, 90.3184, 4.0344, 0.868838, -0.495090, 0.002562, 0.070133, 0.484251, 0.850871, 0.203764, -0.000403, -0.103061, -0.175797, 0.979017, 0.260566, 0.000000, 0.000000, 0.000000, 1.000000, -0.103231, -0.176092, 0.978946, 0.282566, -0.868837, 0.495091, -0.002564, -0.070134, -0.484216, -0.850809, -0.204104, 0.200386, 0.000000, 0.000000, 0.000000, 1.000000, 0.994514, -0.064794, 0.082122, 0.052478, 0.083815, 0.023859, -0.996196, 0.090318, 0.062589, 0.997613, 0.029159, 0.004034, 0.000000, 0.000000, 0.000000, 1.000000
-24.8931, 70.1019, -0.4146, 260.5632, 282.5632, -70.1023, 200.3975, 52.4670, 90.3188, 4.0420, 0.868935, -0.494920, 0.002585, 0.070102, 0.484083, 0.850973, 0.203735, -0.000415, -0.103032, -0.175781, 0.979023, 0.260563, 0.000000, 0.000000, 0.000000, 1.000000, -0.103202, -0.176076, 0.978952, 0.282563, -0.868935, 0.494920, -0.002587, -0.070102, -0.484048, -0.850912, -0.204075, 0.200397, 0.000000, 0.000000, 0.000000, 1.000000, 0.994514, -0.064794, 0.082119, 0.052467, 0.083812, 0.023864, -0.996196, 0.090319, 0.062588, 0.997613, 0.029163, 0.004042, 0.000000, 0.000000, 0.000000, 1.000000
-24.8806, 70.0689, -0.4275, 260.5597, 282.5597, -70.0694, 200.4103, 52.4557, 90.3194, 4.0499, 0.869037, -0.494740, 0.002609, 0.070069, 0.483906, 0.851082, 0.203702, -0.000427, -0.103000, -0.175762, 0.979029, 0.260560, 0.000000, 0.000000, 0.000000, 1.000000, -0.103170, -0.176057, 0.978959, 0.282560, -0.869037, 0.494740, -0.002611, -0.070069, -0.483870, -0.851021, -0.204042, 0.200410, 0.000000, 0.000000, 0.000000, 1.000000, 0.994514, -0.064793, 0.082115, 0.052456, 0.083809, 0.023869, -0.996196, 0.090319, 0.062587, 0.997613, 0.029168, 0.004050, 0.000000, 0.000000, 0.000000, 1.000000
-24.8741, 70.0518, -0.4344, 260.5577, 282.5578, -70.0523, 200.4172, 52.4498, 90.3198, 4.0539, 0.869091, -0.494646, 0.002622, 0.070052, 0.483814, 0.851138, 0.203684, -0.000434, -0.102983, -0.175751, 0.979033, 0.260558, 0.000000, 0.000000, 0.000000, 1.000000, -0.103153, -0.176047, 0.978962, 0.282558, -0.869090, 0.494646, -0.002624, -0.070052, -0.483778, -0.851077, -0.204025, 0.200417, 0.000000, 0.000000, 0.000000, 1.000000, 0.994515, -0.064793, 0.082114, 0.052450, 0.083808, 0.023871, -0.996196, 0.090320, 0.062586, 0.997613, 0.029170, 0.004054, 0.000000, 0.000000, 0.000000, 1.000000
-24.8538, 69.9980, -0.4577, 260.5511, 282.5511, -69.9984, 200.4404, 52.4311, 90.3210, 4.0667, 0.869258, -0.494351, 0.002662, 0.069998, 0.483525, 0.851317, 0.203626, -0.000458, -0.102929, -0.175716, 0.979045, 0.260551, 0.000000, 0.000000, 0.000000, 1.000000, -0.103098, -0.176012, 0.978974, 0.282551, -0.869258, 0.494352, -0.002663, -0.069998, -0.483489, -0.851256, -0.203966, 0.200440, 0.000000, 0.000000, 0.000000, 1.000000, 0.994515, -0.064791, 0.082108, 0.052431, 0.083803, 0.023879, -0.996196, 0.090321, 0.062584, 0.997613, 0.029177, 0.004067, 0.000000, 0.000000, 0.000000, 1.000000
-24.8396, 69.9601, -0.4749, 260.5461, 282.5461, -69.9606, 200.4577, 52.4179, 90.3221, 4.0755, 0.869376, -0.494144, 0.002690, 0.069960, 0.483322, 0.851443, 0.203583, -0.000475, -0.102889, -0.175690, 0.979054, 0.260546, 0.000000, 0.000000, 0.000000, 1.000000, -0.103059, -0.175985, 0.978983, 0.282546, -0.869376, 0.494145, -0.002691, -0.069961, -0.483286, -0.851381, -0.203923, 0.200458, 0.000000, 0.000000, 0.000000, 1.000000, 0.994515, -0.064790, 0.082105, 0.052418, 0.083799, 0.023884, -0.996196, 0.090322, 0.062583, 0.997613, 0.029183, 0.004076, 0.000000, 0.000000, 0.000000, 1.000000
-24.8249, 69.9209, -0.4936, 260.5406, 282.5406, -69.9214, 200.4763, 52.4042, 90.3232, 4.0847, 0.869498, -0.493930, 0.002718, 0.069921, 0.483111, 0.851573, 0.203536, -0.000494, -0.102848, -0.175661, 0.979064, 0.260541, 0.000000, 0.000000, 0.000000, 1.000000, -0.103017, -0.175956, 0.978993, 0.282541, -0.869497, 0.493930, -0.002720, -0.069921, -0.483075, -0.851512, -0.203877, 0.200476, 0.000000, 0.000000, 0.000000, 1.000000, 0.994516, -0.064789, 0.082101, 0.052404, 0.083796, 0.023890, -0.996197, 0.090323, 0.062582, 0.997613, 0.029188, 0.004085, 0.000000, 0.000000, 0.000000, 1.000000
-24.8021, 69.8596, -0.5238, 260.5315, 282.5316, -69.8601, 200.5066, 52.3828, 90.3252, 4.0988, 0.869688, -0.493594, 0.002764, 0.069860, 0.482782, 0.851777, 0.203461, -0.000524, -0.102781, -0.175614, 0.979079, 0.260532, 0.000000, 0.000000, 0.000000, 1.000000, -0.102951, -0.175909, 0.979008, 0.282532, -0.869688, 0.493595, -0.002765, -0.069860, -0.482747, -0.851716, -0.203802, 0.200507, 0.000000, 0.000000, 0.000000, 1.000000, 0.994516, -0.064788, 0.082095, 0.052383, 0.083790, 0.023899, -0.996197, 0.090325, 0.062580, 0.997613, 0.029196, 0.004099, 0.000000, 0.000000, 0.000000, 1.000000
-24.7865, 69.8186, -0.5380, 260.5279, 282.5279, -69.8191, 200.5207, 52.3687, 90.3258, 4.1087, 0.869815, -0.493370, 0.002793, 0.069819, 0.482562, 0.851911, 0.203424, -0.000538, -0.102743, -0.175594, 0.979087, 0.260528, 0.000000, 0.000000, 0.000000, 1.000000, -0.102913, -0.175889, 0.979016, 0.282528, -0.869815, 0.493371, -0.002795, -0.069819, -0.482526, -0.851850, -0.203765, 0.200521, 0.000000, 0.000000, 0.000000, 1.000000, 0.994517, -0.064787, 0.082091, 0.052369, 0.083787, 0.023904, -0.996197, 0.090326, 0.062578, 0.997613, 0.029202, 0.004109, 0.000000, 0.000000, 0.000000, 1.000000
-24.7786, 69.7977, -0.5457, 260.5259, 282.5259, -69.7982, 200.5283, 52.3616, 90.3261, 4.1137, 0.869880, -0.493256, 0.002808, 0.069798, 0.482450, 0.851980, 0.203404, -0.000546, -0.102723, -0.175582, 0.979091, 0.260526, 0.000000, 0.000000, 0.000000, 1.000000, -0.102893, -0.175878, 0.979020, 0.282526, -0.869879, 0.493257, -0.002810, -0.069798, -0.482414, -0.851918, -0.203746, 0.200528, 0.000000, 0.000000, 0.000000, 1.000000, 0.994517, -0.064787, 0.082089, 0.052362, 0.083785, 0.023907, -0.996197, 0.090326, 0.062578, 0.997613, 0.029204, 0.004114, 0.000000, 0.000000, 0.000000, 1.000000
-24.7625, 69.7552, -0.5624, 260.5213, 282.5214, -69.7556, 200.5449, 52.3469, 90.3269, 4.1239, 0.870011, -0.493024, 0.002839, 0.069755, 0.482221, 0.852119, 0.203362, -0.000562, -0.102681, -0.175558, 0.979100, 0.260521, 0.000000, 0.000000, 0.000000, 1.000000, -0.102851, -0.175854, 0.979029, 0.282521, -0.870011, 0.493024, -0.002841, -0.069756, -0.482185, -0.852058, -0.203703, 0.200545, 0.000000, 0.000000, 0.000000, 1.000000, 0.994517, -0.064786, 0.082084, 0.052347, 0.083781, 0.023913, -0.996197, 0.090327, 0.062576, 0.997613, 0.029210, 0.004124, 0.000000, 0.000000, 0.000000, 1.000000
-24.7462, 69.7118, -0.5806, 260.5163, 282.5163, -69.7123, 200.5631, 52.3319, 90.3279, 4.1341, 0.870145, -0.492787, 0.002871, 0.069712, 0.481988, 0.852262, 0.203315, -0.000581, -0.102638, -0.175530, 0.979109, 0.260516, 0.000000, 0.000000, 0.000000, 1.000000, -0.102807, -0.175827, 0.979038, 0.282516, -0.870145, 0.492787, -0.002872, -0.069712, -0.481953, -0.852200, -0.203657, 0.200563, 0.000000, 0.000000, 0.000000, 1.000000, 0.994518, -0.064785, 0.082080, 0.052332, 0.083777, 0.023920, -0.996197, 0.090328, 0.062575, 0.997613, 0.029216, 0.004134, 0.000000, 0.000000, 0.000000, 1.000000
-24.7380, 69.6899, -0.5903, 260.5135, 282.5136, -69.6903, 200.5728, 52.3243, 90.3284, 4.1392, 0.870213, -0.492667, 0.002886, 0.069690, 0.481871, 0.852334, 0.203291, -0.000590, -0.102615, -0.175516, 0.979114, 0.260514, 0.000000, 0.000000, 0.000000, 1.000000, -0.102785, -0.175812, 0.979043, 0.282514, -0.870213, 0.492668, -0.002888, -0.069690, -0.481835, -0.852273, -0.203633, 0.200573, 0.000000, 0.000000, 0.000000, 1.000000, 0.994518, -0.064784, 0.082078, 0.052324, 0.083775, 0.023923, -0.996198, 0.090328, 0.062574, 0.997613, 0.029219, 0.004139, 0.000000, 0.000000, 0.000000, 1.000000
-24.7214, 69.6454, -0.6109, 260.5076, 282.5077, -69.6459, 200.5932, 52.3088, 90.3297, 4.1495, 0.870350, -0.492424, 0.002919, 0.069645, 0.481633, 0.852481, 0.203240, -0.000611, -0.102568, -0.175484, 0.979125, 0.260508, 0.000000, 0.000000, 0.000000, 1.000000, -0.102738, -0.175781, 0.979054, 0.282508, -0.870350, 0.492425, -0.002920, -0.069646, -0.481597, -0.852420, -0.203582, 0.200593, 0.000000, 0.000000, 0.000000, 1.000000, 0.994519, -0.064783, 0.082074, 0.052309, 0.083771, 0.023929, -0.996198, 0.090330, 0.062573, 0.997612, 0.029225, 0.004150, 0.000000, 0.000000, 0.000000, 1.000000
-24.6878, 69.5548, -0.6558, 260.4943, 282.4944, -69.5553, 200.6381, 52.2771, 90.3327, 4.1703, 0.870630, -0.491929, 0.002984, 0.069555, 0.481148, 0.852781, 0.203128, -0.000656, -0.102470, -0.175413, 0.979148, 0.260494, 0.000000, 0.000000, 0.000000, 1.000000, -0.102639, -0.175711, 0.979077, 0.282494, -0.870630, 0.491929, -0.002986, -0.069555, -0.481112, -0.852720, -0.203471, 0.200638, 0.000000, 0.000000, 0.000000, 1.000000, 0.994519, -0.064781, 0.082065, 0.052277, 0.083763, 0.023942, -0.996198, 0.090333, 0.062570, 0.997612, 0.029237, 0.004170, 0.000000, 0.000000, 0.000000, 1.000000
-24.6793, 69.5320, -0.6678, 260.4907, 282.4908, -69.5324, 200.6500, 52.2691, 90.3336, 4.1755, 0.870701, -0.491804, 0.003001, 0.069532, 0.481026, 0.852857, 0.203098, -0.000668, -0.102444, -0.175394, 0.979154, 0.260491, 0.000000, 0.000000, 0.000000, 1.000000, -0.102614, -0.175692, 0.979083, 0.282491, -0.870700, 0.491805, -0.003003, -0.069532, -0.480990, -0.852796, -0.203441, 0.200650, 0.000000, 0.000000, 0.000000, 1.000000, 0.994520, -0.064780, 0.082063, 0.052269, 0.083761, 0.023945, -0.996198, 0.090334, 0.062569, 0.997612, 0.029240, 0.004176, 0.000000, 0.000000, 0.000000, 1.000000
-24.6625, 69.4862, -0.6923, 260.4833, 282.4834, -69.4867, 200.6746, 52.2530, 90.3354, 4.1859, 0.870842, -0.491554, 0.003034, 0.069486, 0.480781, 0.853010, 0.203038, -0.000692, -0.102392, -0.175355, 0.979166, 0.260483, 0.000000, 0.000000, 0.000000, 1.000000, -0.102562, -0.175653, 0.979095, 0.282483, -0.870842, 0.491554, -0.003036, -0.069487, -0.480745, -0.852948, -0.203381, 0.200675, 0.000000, 0.000000, 0.000000, 1.000000, 0.994520, -0.064779, 0.082058, 0.052253, 0.083757, 0.023952, -0.996198, 0.090335, 0.062568, 0.997612, 0.029246, 0.004186, 0.000000, 0.000000, 0.000000, 1.000000
-24.6540, 69.4633, -0.7050, 260.4795, 282.4796, -69.4637, 200.6872, 52.2449, 90.3363, 4.1910, 0.870913, -0.491429, 0.003051, 0.069463, 0.480658, 0.853086, 0.203007, -0.000705, -0.102366, -0.175335, 0.979173, 0.260479, 0.000000, 0.000000, 0.000000, 1.000000, -0.102536, -0.175633, 0.979101, 0.282480, -0.870912, 0.491429, -0.003053, -0.069464, -0.480623, -0.853024, -0.203350, 0.200687, 0.000000, 0.000000, 0.000000, 1.000000, 0.994520, -0.064779, 0.082056, 0.052245, 0.083755, 0.023955, -0.996198, 0.090336, 0.062567, 0.997612, 0.029249, 0.004191, 0.000000, 0.000000, 0.000000, 1.000000
-24.6371, 69.4173, -0.7308, 260.4715, 282.4717, -69.4177, 200.7129, 52.2287, 90.3383, 4.2013, 0.871054, -0.491177, 0.003084, 0.069417, 0.480413, 0.853239, 0.202944, -0.000731, -0.102313, -0.175293, 0.979186, 0.260472, 0.000000, 0.000000, 0.000000, 1.000000, -0.102483, -0.175591, 0.979114, 0.282472, -0.871054, 0.491177, -0.003086, -0.069418, -0.480377, -0.853178, -0.203287, 0.200713, 0.000000, 0.000000, 0.000000, 1.000000, 0.994521, -0.064778, 0.082052, 0.052229, 0.083751, 0.023962, -0.996199, 0.090338, 0.062565, 0.997612, 0.029255, 0.004201, 0.000000, 0.000000, 0.000000, 1.000000
-24.6287, 69.3943, -0.7439, 260.4675, 282.4676, -69.3947, 200.7261, 52.2206, 90.3393, 4.2065, 0.871125, -0.491052, 0.003101, 0.069394, 0.480290, 0.853316, 0.202912, -0.000744, -0.102286, -0.175272, 0.979192, 0.260467, 0.000000, 0.000000, 0.000000, 1.000000, -0.102456, -0.175570, 0.979121, 0.282468, -0.871125, 0.491052, -0.003103, -0.069395, -0.480254, -0.853254, -0.203255, 0.200726, 0.000000, 0.000000, 0.000000, 1.000000, 0.994521, -0.064777, 0.082049, 0.052221, 0.083749, 0.023965, -0.996199, 0.090339, 0.062564, 0.997612, 0.029259, 0.004206, 0.000000, 0.000000, 0.000000, 1.000000
-24.6119, 69.3484, -0.7706, 260.4592, 282.4593, -69.3489, 200.7527, 52.2044, 90.3414, 4.2166, 0.871266, -0.490801, 0.003134, 0.069348, 0.480046, 0.853469, 0.202846, -0.000771, -0.102232, -0.175229, 0.979206, 0.260459, 0.000000, 0.000000, 0.000000, 1.000000, -0.102402, -0.175527, 0.979134, 0.282459, -0.871266, 0.490801, -0.003136, -0.069349, -0.480010, -0.853408, -0.203190, 0.200753, 0.000000, 0.000000, 0.000000, 1.000000, 0.994521, -0.064776, 0.082045, 0.052204, 0.083745, 0.023971, -0.996199, 0.090341, 0.062563, 0.997612, 0.029265, 0.004217, 0.000000, 0.000000, 0.000000, 1.000000
-24.5953, 69.3028, -0.7977, 260.4508, 282.4509, -69.3032, 200.7798, 52.1882, 90.3435, 4.2267, 0.871407, -0.490551, 0.003168, 0.069303, 0.479802, 0.853622, 0.202780, -0.000798, -0.102178, -0.175184, 0.979219, 0.260451, 0.000000, 0.000000, 0.000000, 1.000000, -0.102348, -0.175483, 0.979148, 0.282451, -0.871406, 0.490552, -0.003169, -0.069303, -0.479766, -0.853560, -0.203124, 0.200780, 0.000000, 0.000000, 0.000000, 1.000000, 0.994522, -0.064775, 0.082041, 0.052188, 0.083741, 0.023978, -0.996199, 0.090344, 0.062561, 0.997612, 0.029271, 0.004227, 0.000000, 0.000000, 0.000000, 1.000000
-24.5624, 69.2124, -0.8526, 260.4335, 282.4337, -69.2128, 200.8347, 52.1561, 90.3480, 4.2466, 0.871684, -0.490057, 0.003233, 0.069212, 0.479321, 0.853924, 0.202647, -0.000853, -0.102070, -0.175094, 0.979247, 0.260434, 0.000000, 0.000000, 0.000000, 1.000000, -0.102239, -0.175393, 0.979175, 0.282434, -0.871684, 0.490057, -0.003235, -0.069213, -0.479285, -0.853862, -0.202991, 0.200835, 0.000000, 0.000000, 0.000000, 1.000000, 0.994523, -0.064772, 0.082032, 0.052156, 0.083733, 0.023991, -0.996199, 0.090348, 0.062558, 0.997612, 0.029283, 0.004247, 0.000000, 0.000000, 0.000000, 1.000000
-24.5543, 69.1901, -0.8663, 260.4292, 282.4294, -69.1905, 200.8484, 52.1482, 90.3491, 4.2515, 0.871753, -0.489935, 0.003250, 0.069190, 0.479202, 0.853998, 0.202614, -0.000866, -0.102043, -0.175072, 0.979253, 0.260429, 0.000000, 0.000000, 0.000000, 1.000000, -0.102212, -0.175371, 0.979182, 0.282429, -0.871752, 0.489936, -0.003251, -0.069191, -0.479166, -0.853937, -0.202957, 0.200848, 0.000000, 0.000000, 0.000000, 1.000000, 0.994523, -0.064772, 0.082030, 0.052148, 0.083731, 0.023994, -0.996199, 0.090349, 0.062558, 0.997612, 0.029286, 0.004251, 0.000000, 0.000000, 0.000000, 1.000000
-24.5383, 69.1461, -0.8936, 260.4206, 282.4208, -69.1465, 200.8757, 52.1326, 90.3513, 4.2611, 0.871888, -0.489695, 0.003282, 0.069146, 0.478968, 0.854145, 0.202547, -0.000894, -0.101989, -0.175027, 0.979267, 0.260421, 0.000000, 0.000000, 0.000000, 1.000000, -0.102159, -0.175326, 0.979196, 0.282421, -0.871887, 0.489695, -0.003283, -0.069147, -0.478932, -0.854084, -0.202891, 0.200876, 0.000000, 0.000000, 0.000000, 1.000000, 0.994523, -0.064771, 0.082026, 0.052133, 0.083727, 0.024000, -0.996200, 0.090351, 0.062556, 0.997612, 0.029292, 0.004261, 0.000000, 0.000000, 0.000000, 1.000000
-24.5305, 69.1244, -0.9071, 260.4163, 282.4165, -69.1248, 200.8892, 52.1249, 90.3525, 4.2658, 0.871954, -0.489576, 0.003297, 0.069124, 0.478852, 0.854218, 0.202515, -0.000907, -0.101963, -0.175004, 0.979274, 0.260416, 0.000000, 0.000000, 0.000000, 1.000000, -0.102133, -0.175303, 0.979203, 0.282416, -0.871954, 0.489577, -0.003299, -0.069125, -0.478816, -0.854157, -0.202858, 0.200889, 0.000000, 0.000000, 0.000000, 1.000000, 0.994523, -0.064770, 0.082024, 0.052125, 0.083726, 0.024003, -0.996200, 0.090352, 0.062555, 0.997611, 0.029295, 0.004266, 0.000000, 0.000000, 0.000000, 1.000000
-24.5149, 69.0815, -0.9340, 260.4077, 282.4079, -69.0819, 200.9161, 52.1097, 90.3547, 4.2751, 0.872086, -0.489342, 0.003329, 0.069081, 0.478624, 0.854362, 0.202449, -0.000934, -0.101911, -0.174960, 0.979287, 0.260408, 0.000000, 0.000000, 0.000000, 1.000000, -0.102080, -0.175259, 0.979216, 0.282408, -0.872086, 0.489342, -0.003330, -0.069082, -0.478588, -0.854300, -0.202793, 0.200916, 0.000000, 0.000000, 0.000000, 1.000000, 0.994524, -0.064769, 0.082020, 0.052110, 0.083722, 0.024009, -0.996200, 0.090355, 0.062554, 0.997611, 0.029301, 0.004275, 0.000000, 0.000000, 0.000000, 1.000000
-24.5073, 69.0603, -0.9473, 260.4035, 282.4037, -69.0608, 200.9294, 52.1021, 90.3558, 4.2797, 0.872151, -0.489226, 0.003344, 0.069060, 0.478511, 0.854432, 0.202417, -0.000947, -0.101885, -0.174938, 0.979294, 0.260404, 0.000000, 0.000000, 0.000000, 1.000000, -0.102054, -0.175237, 0.979223, 0.282404, -0.872150, 0.489226, -0.003346, -0.069061, -0.478475, -0.854371, -0.202761, 0.200929, 0.000000, 0.000000, 0.000000, 1.000000, 0.994524, -0.064769, 0.082018, 0.052102, 0.083720, 0.024012, -0.996200, 0.090356, 0.062553, 0.997611, 0.029303, 0.004280, 0.000000, 0.000000, 0.000000, 1.000000
-24.4922, 69.0186, -0.9735, 260.3952, 282.3954, -69.0191, 200.9557, 52.0873, 90.3580, 4.2888, 0.872278, -0.488998, 0.003374, 0.069019, 0.478289, 0.854572, 0.202353, -0.000974, -0.101834, -0.174895, 0.979307, 0.260395, 0.000000, 0.000000, 0.000000, 1.000000, -0.102003, -0.175193, 0.979236, 0.282395, -0.872278, 0.488999, -0.003376, -0.069019, -0.478253, -0.854510, -0.202697, 0.200956, 0.000000, 0.000000, 0.000000, 1.000000, 0.994524, -0.064768, 0.082014, 0.052087, 0.083716, 0.024018, -0.996200, 0.090358, 0.062552, 0.997611, 0.029309, 0.004289, 0.000000, 0.000000, 0.000000, 1.000000
-24.4774, 68.9779, -0.9992, 260.3870, 282.3872, -68.9784, 200.9813, 52.0728, 90.3601, 4.2976, 0.872403, -0.488776, 0.003404, 0.068978, 0.478072, 0.854708, 0.202291, -0.000999, -0.101784, -0.174852, 0.979320, 0.260387, 0.000000, 0.000000, 0.000000, 1.000000, -0.101954, -0.175151, 0.979248, 0.282387, -0.872403, 0.488776, -0.003406, -0.068978, -0.478037, -0.854646, -0.202635, 0.200981, 0.000000, 0.000000, 0.000000, 1.000000, 0.994525, -0.064767, 0.082010, 0.052073, 0.083713, 0.024024, -0.996200, 0.090360, 0.062550, 0.997611, 0.029314, 0.004298, 0.000000, 0.000000, 0.000000, 1.000000
-24.4702, 68.9579, -1.0118, 260.3829, 282.3831, -68.9583, 200.9940, 52.0657, 90.3612, 4.3020, 0.872464, -0.488666, 0.003419, 0.068958, 0.477966, 0.854775, 0.202261, -0.001012, -0.101760, -0.174831, 0.979326, 0.260383, 0.000000, 0.000000, 0.000000, 1.000000, -0.101929, -0.175130, 0.979255, 0.282383, -0.872464, 0.488666, -0.003420, -0.068958, -0.477930, -0.854713, -0.202604, 0.200994, 0.000000, 0.000000, 0.000000, 1.000000, 0.994525, -0.064766, 0.082008, 0.052066, 0.083711, 0.024027, -0.996200, 0.090361, 0.062550, 0.997611, 0.029317, 0.004302, 0.000000, 0.000000, 0.000000, 1.000000
-24.4354, 68.8616, -1.0721, 260.3636, 282.3639, -68.8620, 201.0543, 52.0315, 90.3662, 4.3229, 0.872758, -0.488140, 0.003489, 0.068862, 0.477453, 0.855096, 0.202114, -0.001072, -0.101643, -0.174731, 0.979356, 0.260364, 0.000000, 0.000000, 0.000000, 1.000000, -0.101812, -0.175030, 0.979285, 0.282364, -0.872758, 0.488140, -0.003490, -0.068862, -0.477417, -0.855034, -0.202457, 0.201054, 0.000000, 0.000000, 0.000000, 1.000000, 0.994526, -0.064764, 0.081999, 0.052031, 0.083703, 0.024041, -0.996201, 0.090366, 0.062546, 0.997611, 0.029330, 0.004323, 0.000000, 0.000000, 0.000000, 1.000000
-24.4221, 68.8250, -1.0947, 260.3564, 282.3566, -68.8255, 201.0770, 52.0185, 90.3680, 4.3308, 0.872870, -0.487940, 0.003515, 0.068825, 0.477258, 0.855217, 0.202059, -0.001095, -0.101599, -0.174694, 0.979367, 0.260356, 0.000000, 0.000000, 0.000000, 1.000000, -0.101768, -0.174992, 0.979296, 0.282357, -0.872870, 0.487941, -0.003517, -0.068826, -0.477223, -0.855156, -0.202402, 0.201077, 0.000000, 0.000000, 0.000000, 1.000000, 0.994526, -0.064763, 0.081996, 0.052019, 0.083700, 0.024046, -0.996201, 0.090368, 0.062545, 0.997611, 0.029335, 0.004331, 0.000000, 0.000000, 0.000000, 1.000000
-24.4157, 68.8072, -1.1057, 260.3529, 282.3531, -68.8077, 201.0880, 52.0122, 90.3689, 4.3347, 0.872924, -0.487843, 0.003528, 0.068807, 0.477163, 0.855277, 0.202032, -0.001106, -0.101578, -0.174675, 0.979373, 0.260353, 0.000000, 0.000000, 0.000000, 1.000000, -0.101746, -0.174974, 0.979302, 0.282353, -0.872924, 0.487843, -0.003530, -0.068808, -0.477128, -0.855215, -0.202375, 0.201088, 0.000000, 0.000000, 0.000000, 1.000000, 0.994526, -0.064762, 0.081994, 0.052012, 0.083698, 0.024048, -0.996201, 0.090369, 0.062544, 0.997611, 0.029337, 0.004335, 0.000000, 0.000000, 0.000000, 1.000000
-24.4030, 68.7724, -1.1270, 260.3460, 282.3463, -68.7728, 201.1093, 51.9998, 90.3707, 4.3422, 0.873031, -0.487652, 0.003554, 0.068772, 0.476978, 0.855392, 0.201980, -0.001127, -0.101536, -0.174640, 0.979383, 0.260346, 0.000000, 0.000000, 0.000000, 1.000000, -0.101704, -0.174938, 0.979312, 0.282346, -0.873031, 0.487653, -0.003555, -0.068773, -0.476942, -0.855331, -0.202323, 0.201109, 0.000000, 0.000000, 0.000000, 1.000000, 0.994527, -0.064761, 0.081991, 0.052000, 0.083695, 0.024053, -0.996201, 0.090371, 0.062543, 0.997611, 0.029342, 0.004342, 0.000000, 0.000000, 0.000000, 1.000000
-24.3908, 68.7387, -1.1474, 260.3395, 282.3398, -68.7391, 201.1297, 51.9879, 90.3723, 4.3496, 0.873133, -0.487468, 0.003578, 0.068739, 0.476798, 0.855504, 0.201931, -0.001147, -0.101496, -0.174606, 0.979393, 0.260340, 0.000000, 0.000000, 0.000000, 1.000000, -0.101664, -0.174905, 0.979323, 0.282340, -0.873133, 0.487468, -0.003580, -0.068739, -0.476763, -0.855443, -0.202273, 0.201130, 0.000000, 0.000000, 0.000000, 1.000000, 0.994527, -0.064761, 0.081988, 0.051988, 0.083693, 0.024058, -0.996201, 0.090372, 0.062542, 0.997611, 0.029346, 0.004350, 0.000000, 0.000000, 0.000000, 1.000000
-24.3849, 68.7223, -1.1572, 260.3364, 282.3366, -68.7227, 201.1396, 51.9821, 90.3731, 4.3532, 0.873183, -0.487378, 0.003590, 0.068722, 0.476711, 0.855559, 0.201906, -0.001157, -0.101476, -0.174590, 0.979398, 0.260336, 0.000000, 0.000000, 0.000000, 1.000000, -0.101645, -0.174888, 0.979328, 0.282337, -0.873183, 0.487379, -0.003592, -0.068723, -0.476675, -0.855498, -0.202249, 0.201140, 0.000000, 0.000000, 0.000000, 1.000000, 0.994527, -0.064760, 0.081986, 0.051982, 0.083691, 0.024061, -0.996201, 0.090373, 0.062542, 0.997611, 0.029349, 0.004353, 0.000000, 0.000000, 0.000000, 1.000000
-24.3732, 68.6903, -1.1762, 260.3303, 282.3306, -68.6907, 201.1586, 51.9708, 90.3747, 4.3602, 0.873281, -0.487204, 0.003613, 0.068690, 0.476540, 0.855665, 0.201860, -0.001176, -0.101439, -0.174559, 0.979408, 0.260330, 0.000000, 0.000000, 0.000000, 1.000000, -0.101607, -0.174857, 0.979337, 0.282331, -0.873281, 0.487204, -0.003615, -0.068691, -0.476505, -0.855604, -0.202202, 0.201159, 0.000000, 0.000000, 0.000000, 1.000000, 0.994528, -0.064759, 0.081983, 0.051971, 0.083688, 0.024065, -0.996201, 0.090375, 0.062540, 0.997611, 0.029353, 0.004360, 0.000000, 0.000000, 0.000000, 1.000000
-24.3675, 68.6747, -1.1853, 260.3274, 282.3276, -68.6751, 201.1678, 51.9652, 90.3754, 4.3636, 0.873329, -0.487118, 0.003625, 0.068675, 0.476457, 0.855716, 0.201838, -0.001185, -0.101420, -0.174543, 0.979412, 0.260327, 0.000000, 0.000000, 0.000000, 1.000000, -0.101589, -0.174842, 0.979342, 0.282328, -0.873328, 0.487119, -0.003627, -0.068675, -0.476421, -0.855655, -0.202180, 0.201168, 0.000000, 0.000000, 0.000000, 1.000000, 0.994528, -0.064759, 0.081982, 0.051965, 0.083687, 0.024067, -0.996201, 0.090375, 0.062540, 0.997611, 0.029355, 0.004364, 0.000000, 0.000000, 0.000000, 1.000000
-24.3457, 68.6147, -1.2197, 260.3164, 282.3166, -68.6152, 201.2024, 51.9441, 90.3781, 4.3768, 0.873511, -0.486791, 0.003668, 0.068615, 0.476137, 0.855914, 0.201753, -0.001220, -0.101351, -0.174487, 0.979430, 0.260316, 0.000000, 0.000000, 0.000000, 1.000000, -0.101519, -0.174784, 0.979359, 0.282317, -0.873511, 0.486791, -0.003670, -0.068615, -0.476102, -0.855853, -0.202095, 0.201202, 0.000000, 0.000000, 0.000000, 1.000000, 0.994528, -0.064758, 0.081976, 0.051944, 0.083682, 0.024076, -0.996202, 0.090378, 0.062538, 0.997611, 0.029363, 0.004377, 0.000000, 0.000000, 0.000000, 1.000000
-24.3405, 68.6004, -1.2278, 260.3138, 282.3141, -68.6009, 201.2104, 51.9390, 90.3787, 4.3799, 0.873555, -0.486712, 0.003679, 0.068600, 0.476060, 0.855962, 0.201733, -0.001228, -0.101335, -0.174473, 0.979434, 0.260314, 0.000000, 0.000000, 0.000000, 1.000000, -0.101502, -0.174771, 0.979363, 0.282314, -0.873555, 0.486712, -0.003681, -0.068601, -0.476025, -0.855901, -0.202075, 0.201210, 0.000000, 0.000000, 0.000000, 1.000000, 0.994528, -0.064757, 0.081975, 0.051939, 0.083681, 0.024078, -0.996202, 0.090379, 0.062537, 0.997611, 0.029365, 0.004380, 0.000000, 0.000000, 0.000000, 1.000000
-24.3302, 68.5728, -1.2396, 260.3103, 282.3106, -68.5733, 201.2223, 51.9294, 90.3794, 4.3863, 0.873639, -0.486561, 0.003699, 0.068573, 0.475912, 0.856051, 0.201703, -0.001240, -0.101307, -0.174455, 0.979440, 0.260310, 0.000000, 0.000000, 0.000000, 1.000000, -0.101475, -0.174752, 0.979369, 0.282311, -0.873638, 0.486562, -0.003701, -0.068573, -0.475877, -0.855990, -0.202044, 0.201222, 0.000000, 0.000000, 0.000000, 1.000000, 0.994529, -0.064757, 0.081972, 0.051929, 0.083678, 0.024082, -0.996202, 0.090379, 0.062537, 0.997610, 0.029369, 0.004386, 0.000000, 0.000000, 0.000000, 1.000000
-24.3252, 68.5601, -1.2398, 260.3107, 282.3110, -68.5606, 201.2224, 51.9253, 90.3790, 4.3896, 0.873677, -0.486493, 0.003707, 0.068560, 0.475844, 0.856090, 0.201700, -0.001240, -0.101299, -0.174456, 0.979440, 0.260311, 0.000000, 0.000000, 0.000000, 1.000000, -0.101467, -0.174754, 0.979370, 0.282311, -0.873677, 0.486493, -0.003709, -0.068561, -0.475808, -0.856029, -0.202042, 0.201222, 0.000000, 0.000000, 0.000000, 1.000000, 0.994529, -0.064756, 0.081971, 0.051925, 0.083677, 0.024084, -0.996202, 0.090379, 0.062536, 0.997610, 0.029370, 0.004390, 0.000000, 0.000000, 0.000000, 1.000000
-24.3153, 68.5353, -1.2406, 260.3115, 282.3118, -68.5357, 201.2231, 51.9171, 90.3783, 4.3961, 0.873752, -0.486357, 0.003725, 0.068535, 0.475709, 0.856166, 0.201694, -0.001241, -0.101284, -0.174459, 0.979442, 0.260311, 0.000000, 0.000000, 0.000000, 1.000000, -0.101452, -0.174757, 0.979371, 0.282312, -0.873752, 0.486358, -0.003726, -0.068536, -0.475673, -0.856105, -0.202036, 0.201223, 0.000000, 0.000000, 0.000000, 1.000000, 0.994529, -0.064756, 0.081968, 0.051917, 0.083674, 0.024087, -0.996202, 0.090378, 0.062535, 0.997610, 0.029374, 0.004396, 0.000000, 0.000000, 0.000000, 1.000000
-24.3057, 68.5109, -1.2422, 260.3119, 282.3122, -68.5113, 201.2246, 51.9090, 90.3777, 4.4024, 0.873826, -0.486224, 0.003741, 0.068511, 0.475576, 0.856242, 0.201686, -0.001242, -0.101268, -0.174459, 0.979443, 0.260312, 0.000000, 0.000000, 0.000000, 1.000000, -0.101436, -0.174758, 0.979372, 0.282312, -0.873826, 0.486225, -0.003743, -0.068511, -0.475541, -0.856181, -0.202029, 0.201225, 0.000000, 0.000000, 0.000000, 1.000000, 0.994529, -0.064755, 0.081965, 0.051909, 0.083672, 0.024090, -0.996202, 0.090378, 0.062535, 0.997610, 0.029377, 0.004402, 0.000000, 0.000000, 0.000000, 1.000000
-24.3010, 68.4988, -1.2433, 260.3119, 282.3122, -68.4993, 201.2257, 51.9050, 90.3774, 4.4055, 0.873862, -0.486159, 0.003750, 0.068499, 0.475511, 0.856279, 0.201681, -0.001243, -0.101260, -0.174459, 0.979444, 0.260312, 0.000000, 0.000000, 0.000000, 1.000000, -0.101428, -0.174758, 0.979373, 0.282312, -0.873862, 0.486159, -0.003751, -0.068499, -0.475476, -0.856218, -0.202024, 0.201226, 0.000000, 0.000000, 0.000000, 1.000000, 0.994529, -0.064755, 0.081964, 0.051905, 0.083671, 0.024092, -0.996202, 0.090377, 0.062534, 0.997610, 0.029378, 0.004405, 0.000000, 0.000000, 0.000000, 1.000000
-24.2917, 68.4750, -1.2465, 260.3117, 282.3120, -68.4754, 201.2287, 51.8970, 90.3771, 4.4115, 0.873935, -0.486029, 0.003766, 0.068475, 0.475382, 0.856353, 0.201670, -0.001246, -0.101243, -0.174456, 0.979446, 0.260312, 0.000000, 0.000000, 0.000000, 1.000000, -0.101411, -0.174755, 0.979375, 0.282312, -0.873935, 0.486029, -0.003768, -0.068475, -0.475346, -0.856292, -0.202013, 0.201229, 0.000000, 0.000000, 0.000000, 1.000000, 0.994530, -0.064755, 0.081961, 0.051897, 0.083668, 0.024095, -0.996202, 0.090377, 0.062534, 0.997610, 0.029382, 0.004411, 0.000000, 0.000000, 0.000000, 1.000000
