# Joint_5_Angle(deg), Cam_X(mm), Cam_Y(mm), Cam_Z(mm), Torso_X(mm), Torso_Y(mm), Torso_Z(mm), EE_X(mm), EE_Y(mm), EE_Z(mm), T_cam2marker_flat(16), T_torso2marker_flat(16), T_ee2marker_flat(16)
-24.9993, -40.3961, 11.2605, 229.5309, 251.5268, 40.3958, 188.7278, 20.1438, -103.4717, 14.1630, 0.912314, 0.405566, 0.056563, -0.040396, -0.405783, 0.913933, -0.008095, 0.011261, -0.054978, -0.015567, 0.998366, 0.229531, 0.000000, 0.000000, 0.000000, 1.000000, -0.054829, -0.015907, 0.998369, 0.251527, -0.912314, -0.405566, -0.056564, 0.040396, 0.405804, -0.913928, 0.007725, 0.188728, 0.000000, 0.000000, 0.000000, 1.000000, -0.997159, 0.075044, 0.006553, 0.020144, 0.005008, -0.020760, 0.999772, -0.103472, 0.075163, 0.996964, 0.020325, 0.014163, 0.000000, 0.000000, 0.000000, 1.000000
-24.9997, -40.3965, 11.2552, 229.5290, 251.5249, 40.3962, 188.7331, 20.1436, -103.4724, 14.1625, 0.912314, 0.405567, 0.056564, -0.040396, -0.405784, 0.913933, -0.008108, 0.011255, -0.054984, -0.015556, 0.998366, 0.229529, 0.000000, 0.000000, 0.000000, 1.000000, -0.054834, -0.015896, 0.998369, 0.251525, -0.912313, -0.405567, -0.056565, 0.040396, 0.405805, -0.913927, 0.007737, 0.188733, 0.000000, 0.000000, 0.000000, 1.000000, -0.997159, 0.075044, 0.006553, 0.020144, 0.005008, -0.020759, 0.999772, -0.103472, 0.075163, 0.996964, 0.020325, 0.014162, 0.000000, 0.000000, 0.000000, 1.000000
-25.0001, -40.3966, 11.2503, 229.5272, 251.5231, 40.3963, 188.7380, 20.1433, -103.4730, 14.1620, 0.912313, 0.405567, 0.056564, -0.040397, -0.405784, 0.913933, -0.008119, 0.011250, -0.054989, -0.015546, 0.998366, 0.229527, 0.000000, 0.000000, 0.000000, 1.000000, -0.054840, -0.015885, 0.998369, 0.251523, -0.912313, -0.405567, -0.056566, 0.040396, 0.405804, -0.913927, 0.007749, 0.188738, 0.000000, 0.000000, 0.000000, 1.000000, -0.997159, 0.075044, 0.006553, 0.020143, 0.005008, -0.020759, 0.999772, -0.103473, 0.075163, 0.996964, 0.020325, 0.014162, 0.000000, 0.000000, 0.000000, 1.000000
-25.0002, -40.3959, 11.2437, 229.5248, 251.5206, 40.3956, 188.7447, 20.1426, -103.4738, 14.1615, 0.912315, 0.405562, 0.056565, -0.040396, -0.405778, 0.913935, -0.008134, 0.011244, -0.054996, -0.015532, 0.998366, 0.229525, 0.000000, 0.000000, 0.000000, 1.000000, -0.054847, -0.015871, 0.998369, 0.251521, -0.912315, -0.405562, -0.056566, 0.040396, 0.405799, -0.913930, 0.007764, 0.188745, 0.000000, 0.000000, 0.000000, 1.000000, -0.997159, 0.075044, 0.006553, 0.020143, 0.005008, -0.020760, 0.999772, -0.103474, 0.075163, 0.996964, 0.020325, 0.014162, 0.000000, 0.000000, 0.000000, 1.000000
-24.9995, -40.3934, 11.2379, 229.5225, 251.5184, 40.3931, 188.7505, 20.1413, -103.4744, 14.1614, 0.912322, 0.405548, 0.056565, -0.040393, -0.405763, 0.913942, -0.008147, 0.011238, -0.055001, -0.015519, 0.998366, 0.229522, 0.000000, 0.000000, 0.000000, 1.000000, -0.054852, -0.015858, 0.998369, 0.251518, -0.912322, -0.405548, -0.056566, 0.040393, 0.405783, -0.913936, 0.007778, 0.188751, 0.000000, 0.000000, 0.000000, 1.000000, -0.997159, 0.075044, 0.006553, 0.020141, 0.005008, -0.020760, 0.999772, -0.103474, 0.075163, 0.996964, 0.020326, 0.014161, 0.000000, 0.000000, 0.000000, 1.000000
-24.9984, -40.3908, 11.2399, 229.5230, 251.5188, 40.3905, 188.7486, 20.1405, -103.4741, 14.1620, 0.912329, 0.405533, 0.056563, -0.040391, -0.405748, 0.913949, -0.008143, 0.011240, -0.054998, -0.015522, 0.998366, 0.229523, 0.000000, 0.000000, 0.000000, 1.000000, -0.054849, -0.015861, 0.998369, 0.251519, -0.912329, -0.405533, -0.056565, 0.040391, 0.405769, -0.913943, 0.007773, 0.188749, 0.000000, 0.000000, 0.000000, 1.000000, -0.997159, 0.075044, 0.006552, 0.020141, 0.005007, -0.020761, 0.999772, -0.103474, 0.075163, 0.996964, 0.020326, 0.014162, 0.000000, 0.000000, 0.000000, 1.000000
-24.9972, -40.3883, 11.2425, 229.5237, 251.5196, 40.3879, 188.7459, 20.1398, -103.4737, 14.1627, 0.912335, 0.405519, 0.056562, -0.040388, -0.405734, 0.913955, -0.008136, 0.011243, -0.054994, -0.015526, 0.998366, 0.229524, 0.000000, 0.000000, 0.000000, 1.000000, -0.054845, -0.015865, 0.998369, 0.251520, -0.912335, -0.405519, -0.056563, 0.040388, 0.405755, -0.913949, 0.007766, 0.188746, 0.000000, 0.000000, 0.000000, 1.000000, -0.997159, 0.075044, 0.006552, 0.020140, 0.005006, -0.020762, 0.999772, -0.103474, 0.075163, 0.996964, 0.020327, 0.014163, 0.000000, 0.000000, 0.000000, 1.000000
-24.9947, -40.3820, 11.2446, 229.5240, 251.5199, 40.3817, 188.7438, 20.1377, -103.4732, 14.1640, 0.912351, 0.405483, 0.056559, -0.040382, -0.405699, 0.913971, -0.008130, 0.011245, -0.054990, -0.015528, 0.998366, 0.229524, 0.000000, 0.000000, 0.000000, 1.000000, -0.054841, -0.015867, 0.998369, 0.251520, -0.912351, -0.405483, -0.056560, 0.040382, 0.405719, -0.913965, 0.007760, 0.188744, 0.000000, 0.000000, 0.000000, 1.000000, -0.997159, 0.075045, 0.006550, 0.020138, 0.005005, -0.020764, 0.999772, -0.103473, 0.075163, 0.996964, 0.020329, 0.014164, 0.000000, 0.000000, 0.000000, 1.000000
-24.9936, -40.3792, 11.2448, 229.5239, 251.5198, 40.3788, 188.7436, 20.1367, -103.4731, 14.1645, 0.912358, 0.405467, 0.056558, -0.040379, -0.405683, 0.913978, -0.008130, 0.011245, -0.054989, -0.015527, 0.998366, 0.229524, 0.000000, 0.000000, 0.000000, 1.000000, -0.054840, -0.015867, 0.998369, 0.251520, -0.912358, -0.405467, -0.056559, 0.040379, 0.405703, -0.913972, 0.007760, 0.188744, 0.000000, 0.000000, 0.000000, 1.000000, -0.997159, 0.075045, 0.006550, 0.020137, 0.005004, -0.020764, 0.999772, -0.103473, 0.075164, 0.996964, 0.020330, 0.014164, 0.000000, 0.000000, 0.000000, 1.000000
-24.9909, -40.3723, 11.2443, 229.5233, 251.5191, 40.3720, 188.7441, 20.1343, -103.4730, 14.1656, 0.912376, 0.405428, 0.056555, -0.040372, -0.405644, 0.913995, -0.008130, 0.011244, -0.054987, -0.015524, 0.998366, 0.229523, 0.000000, 0.000000, 0.000000, 1.000000, -0.054838, -0.015863, 0.998369, 0.251519, -0.912376, -0.405428, -0.056556, 0.040372, 0.405664, -0.913989, 0.007760, 0.188744, 0.000000, 0.000000, 0.000000, 1.000000, -0.997159, 0.075045, 0.006548, 0.020134, 0.005002, -0.020766, 0.999772, -0.103473, 0.075164, 0.996964, 0.020332, 0.014166, 0.000000, 0.000000, 0.000000, 1.000000
-24.9894, -40.3683, 11.2436, 229.5227, 251.5186, 40.3680, 188.7448, 20.1328, -103.4729, 14.1662, 0.912386, 0.405405, 0.056554, -0.040368, -0.405621, 0.914005, -0.008131, 0.011244, -0.054987, -0.015521, 0.998366, 0.229523, 0.000000, 0.000000, 0.000000, 1.000000, -0.054837, -0.015860, 0.998369, 0.251519, -0.912386, -0.405405, -0.056555, 0.040368, 0.405641, -0.914000, 0.007761, 0.188745, 0.000000, 0.000000, 0.000000, 1.000000, -0.997159, 0.075045, 0.006547, 0.020133, 0.005001, -0.020768, 0.999772, -0.103473, 0.075164, 0.996964, 0.020333, 0.014166, 0.000000, 0.000000, 0.000000, 1.000000
-24.9838, -40.3535, 11.2398, 229.5204, 251.5162, 40.3532, 188.7486, 20.1273, -103.4729, 14.1684, 0.912424, 0.405321, 0.056548, -0.040353, -0.405535, 0.914043, -0.008138, 0.011240, -0.054986, -0.015507, 0.998367, 0.229520, 0.000000, 0.000000, 0.000000, 1.000000, -0.054837, -0.015847, 0.998370, 0.251516, -0.912424, -0.405321, -0.056550, 0.040353, 0.405556, -0.914037, 0.007768, 0.188749, 0.000000, 0.000000, 0.000000, 1.000000, -0.997159, 0.075046, 0.006544, 0.020127, 0.004998, -0.020772, 0.999772, -0.103473, 0.075165, 0.996964, 0.020338, 0.014168, 0.000000, 0.000000, 0.000000, 1.000000
-24.9793, -40.3414, 11.2358, 229.5181, 251.5140, 40.3411, 188.7526, 20.1228, -103.4731, 14.1701, 0.912455, 0.405251, 0.056544, -0.040341, -0.405466, 0.914074, -0.008145, 0.011236, -0.054986, -0.015494, 0.998367, 0.229518, 0.000000, 0.000000, 0.000000, 1.000000, -0.054837, -0.015834, 0.998370, 0.251514, -0.912455, -0.405251, -0.056545, 0.040341, 0.405486, -0.914068, 0.007775, 0.188753, 0.000000, 0.000000, 0.000000, 1.000000, -0.997159, 0.075046, 0.006542, 0.020123, 0.004995, -0.020775, 0.999772, -0.103473, 0.075165, 0.996964, 0.020341, 0.014170, 0.000000, 0.000000, 0.000000, 1.000000
-24.9769, -40.3346, 11.2334, 229.5168, 251.5127, 40.3343, 188.7550, 20.1203, -103.4732, 14.1711, 0.912472, 0.405213, 0.056542, -0.040335, -0.405427, 0.914091, -0.008150, 0.011233, -0.054987, -0.015487, 0.998367, 0.229517, 0.000000, 0.000000, 0.000000, 1.000000, -0.054838, -0.015826, 0.998370, 0.251513, -0.912472, -0.405213, -0.056543, 0.040334, 0.405447, -0.914085, 0.007780, 0.188755, 0.000000, 0.000000, 0.000000, 1.000000, -0.997159, 0.075047, 0.006540, 0.020120, 0.004994, -0.020777, 0.999772, -0.103473, 0.075166, 0.996964, 0.020343, 0.014171, 0.000000, 0.000000, 0.000000, 1.000000
-24.9714, -40.3208, 11.2344, 229.5162, 251.5121, 40.3205, 188.7539, 20.1155, -103.4726, 14.1735, 0.912508, 0.405134, 0.056536, -0.040321, -0.405348, 0.914126, -0.008146, 0.011234, -0.054981, -0.015484, 0.998367, 0.229516, 0.000000, 0.000000, 0.000000, 1.000000, -0.054832, -0.015823, 0.998370, 0.251512, -0.912507, -0.405134, -0.056537, 0.040320, 0.405368, -0.914120, 0.007775, 0.188754, 0.000000, 0.000000, 0.000000, 1.000000, -0.997159, 0.075047, 0.006537, 0.020115, 0.004990, -0.020781, 0.999772, -0.103473, 0.075166, 0.996963, 0.020348, 0.014174, 0.000000, 0.000000, 0.000000, 1.000000
-24.9684, -40.3131, 11.2342, 229.5157, 251.5116, 40.3128, 188.7541, 20.1127, -103.4724, 14.1748, 0.912527, 0.405091, 0.056533, -0.040313, -0.405304, 0.914145, -0.008145, 0.011234, -0.054979, -0.015480, 0.998368, 0.229516, 0.000000, 0.000000, 0.000000, 1.000000, -0.054830, -0.015820, 0.998370, 0.251512, -0.912527, -0.405091, -0.056534, 0.040313, 0.405325, -0.914140, 0.007775, 0.188754, 0.000000, 0.000000, 0.000000, 1.000000, -0.997159, 0.075048, 0.006536, 0.020113, 0.004989, -0.020783, 0.999772, -0.103472, 0.075167, 0.996963, 0.020350, 0.014175, 0.000000, 0.000000, 0.000000, 1.000000
-24.9619, -40.2962, 11.2325, 229.5140, 251.5098, 40.2958, 188.7557, 20.1067, -103.4721, 14.1776, 0.912570, 0.404994, 0.056526, -0.040296, -0.405207, 0.914188, -0.008147, 0.011233, -0.054975, -0.015470, 0.998368, 0.229514, 0.000000, 0.000000, 0.000000, 1.000000, -0.054826, -0.015810, 0.998371, 0.251510, -0.912570, -0.404994, -0.056528, 0.040296, 0.405228, -0.914183, 0.007776, 0.188756, 0.000000, 0.000000, 0.000000, 1.000000, -0.997158, 0.075049, 0.006532, 0.020107, 0.004985, -0.020788, 0.999771, -0.103472, 0.075167, 0.996963, 0.020355, 0.014178, 0.000000, 0.000000, 0.000000, 1.000000
-24.9584, -40.2869, 11.2310, 229.5128, 251.5087, 40.2866, 188.7572, 20.1033, -103.4720, 14.1790, 0.912594, 0.404941, 0.056523, -0.040287, -0.405154, 0.914212, -0.008149, 0.011231, -0.054974, -0.015464, 0.998368, 0.229513, 0.000000, 0.000000, 0.000000, 1.000000, -0.054825, -0.015804, 0.998371, 0.251509, -0.912594, -0.404941, -0.056524, 0.040287, 0.405175, -0.914206, 0.007778, 0.188757, 0.000000, 0.000000, 0.000000, 1.000000, -0.997158, 0.075049, 0.006530, 0.020103, 0.004982, -0.020791, 0.999771, -0.103472, 0.075168, 0.996963, 0.020358, 0.014179, 0.000000, 0.000000, 0.000000, 1.000000
-24.9508, -40.2668, 11.2266, 229.5100, 251.5058, 40.2664, 188.7616, 20.0959, -103.4719, 14.1820, 0.912645, 0.404827, 0.056516, -0.040267, -0.405039, 0.914263, -0.008156, 0.011227, -0.054972, -0.015447, 0.998368, 0.229510, 0.000000, 0.000000, 0.000000, 1.000000, -0.054823, -0.015787, 0.998371, 0.251506, -0.912645, -0.404826, -0.056517, 0.040266, 0.405059, -0.914257, 0.007785, 0.188762, 0.000000, 0.000000, 0.000000, 1.000000, -0.997158, 0.075050, 0.006526, 0.020096, 0.004978, -0.020797, 0.999771, -0.103472, 0.075169, 0.996963, 0.020364, 0.014182, 0.000000, 0.000000, 0.000000, 1.000000
-24.9468, -40.2559, 11.2237, 229.5082, 251.5041, 40.2556, 188.7644, 20.0919, -103.4719, 14.1836, 0.912673, 0.404764, 0.056512, -0.040256, -0.404976, 0.914291, -0.008162, 0.011224, -0.054972, -0.015437, 0.998369, 0.229508, 0.000000, 0.000000, 0.000000, 1.000000, -0.054823, -0.015777, 0.998371, 0.251504, -0.912673, -0.404764, -0.056513, 0.040256, 0.404997, -0.914285, 0.007791, 0.188764, 0.000000, 0.000000, 0.000000, 1.000000, -0.997158, 0.075051, 0.006524, 0.020092, 0.004975, -0.020800, 0.999771, -0.103472, 0.075169, 0.996963, 0.020367, 0.014184, 0.000000, 0.000000, 0.000000, 1.000000
-24.9425, -40.2445, 11.2204, 229.5063, 251.5022, 40.2442, 188.7677, 20.0876, -103.4720, 14.1853, 0.912702, 0.404699, 0.056508, -0.040244, -0.404911, 0.914320, -0.008168, 0.011220, -0.054972, -0.015426, 0.998369, 0.229506, 0.000000, 0.000000, 0.000000, 1.000000, -0.054823, -0.015766, 0.998372, 0.251502, -0.912702, -0.404699, -0.056509, 0.040244, 0.404931, -0.914314, 0.007797, 0.188768, 0.000000, 0.000000, 0.000000, 1.000000, -0.997158, 0.075051, 0.006521, 0.020088, 0.004973, -0.020803, 0.999771, -0.103472, 0.075170, 0.996963, 0.020371, 0.014185, 0.000000, 0.000000, 0.000000, 1.000000
-24.9287, -40.2069, 11.2078, 229.4994, 251.4952, 40.2066, 188.7803, 20.0736, -103.4724, 14.1906, 0.912798, 0.404485, 0.056495, -0.040207, -0.404694, 0.914415, -0.008192, 0.011208, -0.054973, -0.015386, 0.998369, 0.229499, 0.000000, 0.000000, 0.000000, 1.000000, -0.054824, -0.015726, 0.998372, 0.251495, -0.912798, -0.404485, -0.056496, 0.040207, 0.404715, -0.914409, 0.007821, 0.188780, 0.000000, 0.000000, 0.000000, 1.000000, -0.997158, 0.075053, 0.006513, 0.020074, 0.004964, -0.020814, 0.999771, -0.103472, 0.075171, 0.996962, 0.020382, 0.014191, 0.000000, 0.000000, 0.000000, 1.000000
-24.9185, -40.1793, 11.1974, 229.4938, 251.4897, 40.1790, 188.7907, 20.0631, -103.4728, 14.1943, 0.912869, 0.404327, 0.056486, -0.040179, -0.404535, 0.914486, -0.008212, 0.011197, -0.054976, -0.015354, 0.998370, 0.229494, 0.000000, 0.000000, 0.000000, 1.000000, -0.054827, -0.015694, 0.998373, 0.251490, -0.912869, -0.404327, -0.056487, 0.040179, 0.404555, -0.914480, 0.007841, 0.188791, 0.000000, 0.000000, 0.000000, 1.000000, -0.997158, 0.075054, 0.006508, 0.020063, 0.004958, -0.020822, 0.999771, -0.103473, 0.075173, 0.996962, 0.020390, 0.014194, 0.000000, 0.000000, 0.000000, 1.000000
-24.9132, -40.1647, 11.1916, 229.4908, 251.4867, 40.1644, 188.7965, 20.0576, -103.4731, 14.1963, 0.912906, 0.404244, 0.056481, -0.040165, -0.404451, 0.914523, -0.008224, 0.011192, -0.054977, -0.015336, 0.998370, 0.229491, 0.000000, 0.000000, 0.000000, 1.000000, -0.054828, -0.015677, 0.998373, 0.251487, -0.912906, -0.404244, -0.056482, 0.040164, 0.404471, -0.914517, 0.007852, 0.188796, 0.000000, 0.000000, 0.000000, 1.000000, -0.997158, 0.075055, 0.006505, 0.020058, 0.004954, -0.020826, 0.999771, -0.103473, 0.075173, 0.996962, 0.020395, 0.014196, 0.000000, 0.000000, 0.000000, 1.000000
-24.9021, -40.1341, 11.1789, 229.4843, 251.4802, 40.1338, 188.8092, 20.0460, -103.4737, 14.2003, 0.912984, 0.404069, 0.056471, -0.040134, -0.404274, 0.914601, -0.008249, 0.011179, -0.054981, -0.015298, 0.998370, 0.229484, 0.000000, 0.000000, 0.000000, 1.000000, -0.054832, -0.015639, 0.998373, 0.251480, -0.912984, -0.404069, -0.056472, 0.040134, 0.404295, -0.914595, 0.007878, 0.188809, 0.000000, 0.000000, 0.000000, 1.000000, -0.997158, 0.075056, 0.006499, 0.020046, 0.004947, -0.020835, 0.999771, -0.103474, 0.075174, 0.996962, 0.020404, 0.014200, 0.000000, 0.000000, 0.000000, 1.000000
-24.8962, -40.1181, 11.1720, 229.4808, 251.4767, 40.1178, 188.8161, 20.0399, -103.4741, 14.2024, 0.913025, 0.403977, 0.056465, -0.040118, -0.404181, 0.914641, -0.008263, 0.011172, -0.054984, -0.015278, 0.998370, 0.229481, 0.000000, 0.000000, 0.000000, 1.000000, -0.054835, -0.015619, 0.998373, 0.251477, -0.913025, -0.403977, -0.056467, 0.040118, 0.404202, -0.914636, 0.007891, 0.188816, 0.000000, 0.000000, 0.000000, 1.000000, -0.997158, 0.075057, 0.006495, 0.020040, 0.004944, -0.020839, 0.999771, -0.103474, 0.075175, 0.996961, 0.020409, 0.014202, 0.000000, 0.000000, 0.000000, 1.000000
-24.8841, -40.0847, 11.1572, 229.4733, 251.4692, 40.0844, 188.8308, 20.0271, -103.4749, 14.2068, 0.913110, 0.403786, 0.056455, -0.040085, -0.403988, 0.914727, -0.008293, 0.011157, -0.054989, -0.015235, 0.998371, 0.229473, 0.000000, 0.000000, 0.000000, 1.000000, -0.054840, -0.015576, 0.998374, 0.251469, -0.913110, -0.403786, -0.056456, 0.040084, 0.404009, -0.914721, 0.007921, 0.188831, 0.000000, 0.000000, 0.000000, 1.000000, -0.997158, 0.075059, 0.006488, 0.020027, 0.004936, -0.020849, 0.999770, -0.103475, 0.075177, 0.996961, 0.020419, 0.014207, 0.000000, 0.000000, 0.000000, 1.000000
-24.8778, -40.0673, 11.1494, 229.4694, 251.4653, 40.0669, 188.8387, 20.0204, -103.4753, 14.2090, 0.913154, 0.403686, 0.056449, -0.040067, -0.403888, 0.914771, -0.008309, 0.011149, -0.054992, -0.015212, 0.998371, 0.229469, 0.000000, 0.000000, 0.000000, 1.000000, -0.054843, -0.015553, 0.998374, 0.251465, -0.913154, -0.403686, -0.056450, 0.040067, 0.403908, -0.914765, 0.007937, 0.188839, 0.000000, 0.000000, 0.000000, 1.000000, -0.997158, 0.075059, 0.006485, 0.020020, 0.004932, -0.020854, 0.999770, -0.103475, 0.075177, 0.996961, 0.020424, 0.014209, 0.000000, 0.000000, 0.000000, 1.000000
-24.8648, -40.0312, 11.1328, 229.4611, 251.4570, 40.0309, 188.8553, 20.0066, -103.4762, 14.2136, 0.913246, 0.403480, 0.056437, -0.040031, -0.403679, 0.914863, -0.008342, 0.011133, -0.054998, -0.015164, 0.998371, 0.229461, 0.000000, 0.000000, 0.000000, 1.000000, -0.054849, -0.015505, 0.998374, 0.251457, -0.913246, -0.403480, -0.056439, 0.040031, 0.403699, -0.914857, 0.007971, 0.188855, 0.000000, 0.000000, 0.000000, 1.000000, -0.997158, 0.075061, 0.006478, 0.020007, 0.004924, -0.020864, 0.999770, -0.103476, 0.075179, 0.996961, 0.020435, 0.014214, 0.000000, 0.000000, 0.000000, 1.000000
-24.8512, -39.9936, 11.1152, 229.4524, 251.4483, 39.9933, 188.8729, 19.9922, -103.4772, 14.2184, 0.913342, 0.403265, 0.056425, -0.039994, -0.403461, 0.914958, -0.008378, 0.011115, -0.055005, -0.015114, 0.998372, 0.229452, 0.000000, 0.000000, 0.000000, 1.000000, -0.054856, -0.015455, 0.998375, 0.251448, -0.913342, -0.403265, -0.056427, 0.039993, 0.403482, -0.914953, 0.008006, 0.188873, 0.000000, 0.000000, 0.000000, 1.000000, -0.997158, 0.075063, 0.006470, 0.019992, 0.004916, -0.020875, 0.999770, -0.103477, 0.075181, 0.996960, 0.020447, 0.014218, 0.000000, 0.000000, 0.000000, 1.000000
-24.8443, -39.9742, 11.1061, 229.4478, 251.4437, 39.9739, 188.8820, 19.9848, -103.4778, 14.2209, 0.913391, 0.403154, 0.056419, -0.039974, -0.403349, 0.915008, -0.008396, 0.011106, -0.055009, -0.015087, 0.998372, 0.229448, 0.000000, 0.000000, 0.000000, 1.000000, -0.054860, -0.015428, 0.998375, 0.251444, -0.913391, -0.403154, -0.056420, 0.039974, 0.403370, -0.915002, 0.008025, 0.188882, 0.000000, 0.000000, 0.000000, 1.000000, -0.997158, 0.075064, 0.006466, 0.019985, 0.004911, -0.020880, 0.999770, -0.103478, 0.075181, 0.996960, 0.020452, 0.014221, 0.000000, 0.000000, 0.000000, 1.000000
-24.8299, -39.9343, 11.0871, 229.4384, 251.4344, 39.9340, 188.9010, 19.9695, -103.4789, 14.2259, 0.913493, 0.402926, 0.056406, -0.039934, -0.403118, 0.915109, -0.008435, 0.011087, -0.055016, -0.015033, 0.998372, 0.229438, 0.000000, 0.000000, 0.000000, 1.000000, -0.054868, -0.015374, 0.998375, 0.251434, -0.913493, -0.402926, -0.056407, 0.039934, 0.403139, -0.915103, 0.008064, 0.188901, 0.000000, 0.000000, 0.000000, 1.000000, -0.997158, 0.075066, 0.006458, 0.019969, 0.004902, -0.020892, 0.999770, -0.103479, 0.075183, 0.996960, 0.020464, 0.014226, 0.000000, 0.000000, 0.000000, 1.000000
-24.8151, -39.8931, 11.0674, 229.4287, 251.4246, 39.8928, 188.9208, 19.9536, -103.4800, 14.2311, 0.913597, 0.402691, 0.056393, -0.039893, -0.402880, 0.915214, -0.008475, 0.011067, -0.055024, -0.014977, 0.998373, 0.229429, 0.000000, 0.000000, 0.000000, 1.000000, -0.054876, -0.015318, 0.998376, 0.251425, -0.913597, -0.402691, -0.056394, 0.039893, 0.402900, -0.915208, 0.008104, 0.188921, 0.000000, 0.000000, 0.000000, 1.000000, -0.997158, 0.075067, 0.006450, 0.019954, 0.004893, -0.020904, 0.999770, -0.103480, 0.075185, 0.996959, 0.020477, 0.014231, 0.000000, 0.000000, 0.000000, 1.000000
-24.8076, -39.8726, 11.0607, 229.4250, 251.4209, 39.8723, 188.9274, 19.9460, -103.4802, 14.2340, 0.913649, 0.402574, 0.056386, -0.039873, -0.402762, 0.915265, -0.008488, 0.011061, -0.055025, -0.014955, 0.998373, 0.229425, 0.000000, 0.000000, 0.000000, 1.000000, -0.054877, -0.015296, 0.998376, 0.251421, -0.913649, -0.402574, -0.056387, 0.039872, 0.402783, -0.915260, 0.008117, 0.188927, 0.000000, 0.000000, 0.000000, 1.000000, -0.997158, 0.075068, 0.006446, 0.019946, 0.004888, -0.020909, 0.999769, -0.103480, 0.075186, 0.996959, 0.020483, 0.014234, 0.000000, 0.000000, 0.000000, 1.000000
-24.7999, -39.8519, 11.0538, 229.4211, 251.4171, 39.8516, 188.9344, 19.9382, -103.4804, 14.2369, 0.913702, 0.402456, 0.056379, -0.039852, -0.402643, 0.915318, -0.008501, 0.011054, -0.055026, -0.014933, 0.998373, 0.229421, 0.000000, 0.000000, 0.000000, 1.000000, -0.054877, -0.015274, 0.998376, 0.251417, -0.913702, -0.402456, -0.056380, 0.039852, 0.402663, -0.915312, 0.008130, 0.188934, 0.000000, 0.000000, 0.000000, 1.000000, -0.997158, 0.075069, 0.006441, 0.019938, 0.004884, -0.020915, 0.999769, -0.103480, 0.075187, 0.996959, 0.020489, 0.014237, 0.000000, 0.000000, 0.000000, 1.000000
-24.7844, -39.8095, 11.0390, 229.4131, 251.4091, 39.8092, 188.9491, 19.9223, -103.4810, 14.2427, 0.913809, 0.402214, 0.056365, -0.039810, -0.402399, 0.915425, -0.008530, 0.011039, -0.055028, -0.014887, 0.998374, 0.229413, 0.000000, 0.000000, 0.000000, 1.000000, -0.054880, -0.015228, 0.998377, 0.251409, -0.913809, -0.402214, -0.056366, 0.039809, 0.402420, -0.915419, 0.008158, 0.188949, 0.000000, 0.000000, 0.000000, 1.000000, -0.997157, 0.075071, 0.006433, 0.019922, 0.004874, -0.020927, 0.999769, -0.103481, 0.075189, 0.996959, 0.020502, 0.014243, 0.000000, 0.000000, 0.000000, 1.000000
-24.7685, -39.7661, 11.0232, 229.4047, 251.4006, 39.7658, 188.9649, 19.9060, -103.4816, 14.2486, 0.913919, 0.401967, 0.056350, -0.039766, -0.402149, 0.915534, -0.008561, 0.011023, -0.055032, -0.014837, 0.998374, 0.229405, 0.000000, 0.000000, 0.000000, 1.000000, -0.054883, -0.015179, 0.998377, 0.251401, -0.913919, -0.401967, -0.056352, 0.039766, 0.402170, -0.915528, 0.008189, 0.188965, 0.000000, 0.000000, 0.000000, 1.000000, -0.997157, 0.075073, 0.006424, 0.019906, 0.004864, -0.020940, 0.999769, -0.103482, 0.075191, 0.996958, 0.020515, 0.014249, 0.000000, 0.000000, 0.000000, 1.000000
-24.7605, -39.7441, 11.0149, 229.4003, 251.3962, 39.7438, 188.9732, 19.8977, -103.4819, 14.2515, 0.913974, 0.401841, 0.056343, -0.039744, -0.402022, 0.915590, -0.008577, 0.011015, -0.055034, -0.014812, 0.998375, 0.229400, 0.000000, 0.000000, 0.000000, 1.000000, -0.054885, -0.015153, 0.998378, 0.251396, -0.913974, -0.401841, -0.056344, 0.039744, 0.402043, -0.915584, 0.008205, 0.188973, 0.000000, 0.000000, 0.000000, 1.000000, -0.997157, 0.075074, 0.006419, 0.019898, 0.004859, -0.020946, 0.999769, -0.103482, 0.075192, 0.996958, 0.020522, 0.014252, 0.000000, 0.000000, 0.000000, 1.000000
-24.7442, -39.6994, 10.9975, 229.3912, 251.3872, 39.6990, 188.9905, 19.8808, -103.4827, 14.2575, 0.914087, 0.401586, 0.056328, -0.039699, -0.401765, 0.915702, -0.008611, 0.010998, -0.055038, -0.014759, 0.998375, 0.229391, 0.000000, 0.000000, 0.000000, 1.000000, -0.054890, -0.015101, 0.998378, 0.251387, -0.914087, -0.401586, -0.056330, 0.039699, 0.401785, -0.915697, 0.008240, 0.188990, 0.000000, 0.000000, 0.000000, 1.000000, -0.997157, 0.075077, 0.006410, 0.019881, 0.004849, -0.020959, 0.999769, -0.103483, 0.075193, 0.996957, 0.020535, 0.014258, 0.000000, 0.000000, 0.000000, 1.000000
-24.7360, -39.6767, 10.9885, 229.3865, 251.3825, 39.6764, 188.9995, 19.8722, -103.4831, 14.2605, 0.914145, 0.401457, 0.056321, -0.039677, -0.401634, 0.915760, -0.008629, 0.010989, -0.055041, -0.014732, 0.998375, 0.229387, 0.000000, 0.000000, 0.000000, 1.000000, -0.054892, -0.015074, 0.998378, 0.251382, -0.914145, -0.401457, -0.056322, 0.039676, 0.401655, -0.915754, 0.008257, 0.188999, 0.000000, 0.000000, 0.000000, 1.000000, -0.997157, 0.075078, 0.006405, 0.019872, 0.004844, -0.020965, 0.999768, -0.103483, 0.075194, 0.996957, 0.020542, 0.014261, 0.000000, 0.000000, 0.000000, 1.000000
-24.7194, -39.6309, 10.9699, 229.3770, 251.3729, 39.6306, 189.0181, 19.8549, -103.4840, 14.2665, 0.914260, 0.401196, 0.056306, -0.039631, -0.401370, 0.915875, -0.008666, 0.010970, -0.055046, -0.014676, 0.998376, 0.229377, 0.000000, 0.000000, 0.000000, 1.000000, -0.054898, -0.015018, 0.998379, 0.251373, -0.914260, -0.401196, -0.056308, 0.039631, 0.401391, -0.915869, 0.008294, 0.189018, 0.000000, 0.000000, 0.000000, 1.000000, -0.997157, 0.075080, 0.006396, 0.019855, 0.004833, -0.020978, 0.999768, -0.103484, 0.075196, 0.996957, 0.020556, 0.014267, 0.000000, 0.000000, 0.000000, 1.000000
-24.7027, -39.5848, 10.9507, 229.3671, 251.3631, 39.5844, 189.0373, 19.8373, -103.4850, 14.2726, 0.914377, 0.400932, 0.056291, -0.039585, -0.401104, 0.915991, -0.008705, 0.010951, -0.055053, -0.014619, 0.998376, 0.229367, 0.000000, 0.000000, 0.000000, 1.000000, -0.054904, -0.014961, 0.998380, 0.251363, -0.914377, -0.400932, -0.056293, 0.039584, 0.401125, -0.915986, 0.008333, 0.189037, 0.000000, 0.000000, 0.000000, 1.000000, -0.997157, 0.075082, 0.006387, 0.019837, 0.004823, -0.020991, 0.999768, -0.103485, 0.075198, 0.996956, 0.020570, 0.014273, 0.000000, 0.000000, 0.000000, 1.000000
-24.6859, -39.5383, 10.9309, 229.3570, 251.3530, 39.5380, 189.0571, 19.8197, -103.4860, 14.2786, 0.914494, 0.400667, 0.056277, -0.039538, -0.400836, 0.916108, -0.008745, 0.010931, -0.055059, -0.014561, 0.998377, 0.229357, 0.000000, 0.000000, 0.000000, 1.000000, -0.054911, -0.014902, 0.998380, 0.251353, -0.914494, -0.400667, -0.056278, 0.039538, 0.400857, -0.916102, 0.008373, 0.189057, 0.000000, 0.000000, 0.000000, 1.000000, -0.997157, 0.075084, 0.006377, 0.019820, 0.004812, -0.021005, 0.999768, -0.103486, 0.075200, 0.996956, 0.020583, 0.014279, 0.000000, 0.000000, 0.000000, 1.000000
-24.6691, -39.4917, 10.9107, 229.3468, 251.3428, 39.4914, 189.0773, 19.8019, -103.4871, 14.2846, 0.914611, 0.400401, 0.056262, -0.039492, -0.400567, 0.916225, -0.008786, 0.010911, -0.055066, -0.014501, 0.998377, 0.229347, 0.000000, 0.000000, 0.000000, 1.000000, -0.054918, -0.014843, 0.998381, 0.251343, -0.914611, -0.400401, -0.056263, 0.039491, 0.400588, -0.916220, 0.008414, 0.189077, 0.000000, 0.000000, 0.000000, 1.000000, -0.997157, 0.075086, 0.006368, 0.019802, 0.004802, -0.021018, 0.999768, -0.103487, 0.075203, 0.996956, 0.020597, 0.014285, 0.000000, 0.000000, 0.000000, 1.000000
-24.6438, -39.4217, 10.8797, 229.3312, 251.3272, 39.4214, 189.1083, 19.7752, -103.4888, 14.2935, 0.914787, 0.400002, 0.056240, -0.039422, -0.400163, 0.916401, -0.008849, 0.010880, -0.055077, -0.014411, 0.998378, 0.229331, 0.000000, 0.000000, 0.000000, 1.000000, -0.054930, -0.014752, 0.998381, 0.251327, -0.914787, -0.400002, -0.056241, 0.039421, 0.400184, -0.916396, 0.008477, 0.189108, 0.000000, 0.000000, 0.000000, 1.000000, -0.997157, 0.075089, 0.006353, 0.019775, 0.004786, -0.021038, 0.999767, -0.103489, 0.075206, 0.996955, 0.020618, 0.014293, 0.000000, 0.000000, 0.000000, 1.000000
-24.6271, -39.3751, 10.8588, 229.3207, 251.3167, 39.3748, 189.1292, 19.7574, -103.4899, 14.2994, 0.914904, 0.399736, 0.056225, -0.039375, -0.399894, 0.916518, -0.008891, 0.010859, -0.055085, -0.014350, 0.998379, 0.229321, 0.000000, 0.000000, 0.000000, 1.000000, -0.054938, -0.014691, 0.998382, 0.251317, -0.914904, -0.399736, -0.056226, 0.039375, 0.399915, -0.916513, 0.008519, 0.189129, 0.000000, 0.000000, 0.000000, 1.000000, -0.997156, 0.075092, 0.006344, 0.019757, 0.004775, -0.021051, 0.999767, -0.103490, 0.075208, 0.996954, 0.020632, 0.014299, 0.000000, 0.000000, 0.000000, 1.000000
-24.6187, -39.3518, 10.8483, 229.3155, 251.3115, 39.3515, 189.1398, 19.7486, -103.4905, 14.3023, 0.914963, 0.399603, 0.056218, -0.039352, -0.399760, 0.916576, -0.008912, 0.010848, -0.055089, -0.014319, 0.998379, 0.229315, 0.000000, 0.000000, 0.000000, 1.000000, -0.054942, -0.014661, 0.998382, 0.251311, -0.914963, -0.399603, -0.056219, 0.039352, 0.399781, -0.916571, 0.008541, 0.189140, 0.000000, 0.000000, 0.000000, 1.000000, -0.997156, 0.075093, 0.006339, 0.019749, 0.004770, -0.021057, 0.999767, -0.103491, 0.075209, 0.996954, 0.020639, 0.014302, 0.000000, 0.000000, 0.000000, 1.000000
-24.6021, -39.3055, 10.8273, 229.3049, 251.3010, 39.3052, 189.1608, 19.7309, -103.4917, 14.3082, 0.915079, 0.399339, 0.056203, -0.039306, -0.399493, 0.916692, -0.008955, 0.010827, -0.055097, -0.014258, 0.998379, 0.229305, 0.000000, 0.000000, 0.000000, 1.000000, -0.054950, -0.014600, 0.998382, 0.251301, -0.915079, -0.399339, -0.056205, 0.039305, 0.399514, -0.916687, 0.008584, 0.189161, 0.000000, 0.000000, 0.000000, 1.000000, -0.997156, 0.075095, 0.006330, 0.019731, 0.004760, -0.021071, 0.999767, -0.103492, 0.075211, 0.996954, 0.020653, 0.014308, 0.000000, 0.000000, 0.000000, 1.000000
-24.5693, -39.2141, 10.7855, 229.2841, 251.2801, 39.2138, 189.2027, 19.6959, -103.4941, 14.3197, 0.915308, 0.398817, 0.056175, -0.039214, -0.398965, 0.916921, -0.009041, 0.010786, -0.055113, -0.014137, 0.998380, 0.229284, 0.000000, 0.000000, 0.000000, 1.000000, -0.054966, -0.014478, 0.998383, 0.251280, -0.915308, -0.398817, -0.056176, 0.039214, 0.398986, -0.916916, 0.008669, 0.189203, 0.000000, 0.000000, 0.000000, 1.000000, -0.997156, 0.075099, 0.006311, 0.019696, 0.004739, -0.021097, 0.999766, -0.103494, 0.075215, 0.996953, 0.020681, 0.014320, 0.000000, 0.000000, 0.000000, 1.000000
-24.5612, -39.1916, 10.7752, 229.2789, 251.2749, 39.1913, 189.2130, 19.6873, -103.4947, 14.3225, 0.915365, 0.398689, 0.056168, -0.039192, -0.398835, 0.916978, -0.009062, 0.010775, -0.055117, -0.014107, 0.998380, 0.229279, 0.000000, 0.000000, 0.000000, 1.000000, -0.054970, -0.014448, 0.998383, 0.251275, -0.915365, -0.398689, -0.056169, 0.039191, 0.398856, -0.916972, 0.008690, 0.189213, 0.000000, 0.000000, 0.000000, 1.000000, -0.997156, 0.075100, 0.006307, 0.019687, 0.004734, -0.021103, 0.999766, -0.103495, 0.075215, 0.996953, 0.020687, 0.014322, 0.000000, 0.000000, 0.000000, 1.000000
-24.5453, -39.1471, 10.7548, 229.2687, 251.2647, 39.1468, 189.2335, 19.6703, -103.4959, 14.3280, 0.915476, 0.398435, 0.056154, -0.039147, -0.398579, 0.917089, -0.009103, 0.010755, -0.055125, -0.014048, 0.998381, 0.229269, 0.000000, 0.000000, 0.000000, 1.000000, -0.054978, -0.014389, 0.998384, 0.251265, -0.915476, -0.398435, -0.056155, 0.039147, 0.398599, -0.917084, 0.008732, 0.189233, 0.000000, 0.000000, 0.000000, 1.000000, -0.997156, 0.075102, 0.006298, 0.019670, 0.004724, -0.021116, 0.999766, -0.103496, 0.075217, 0.996952, 0.020701, 0.014328, 0.000000, 0.000000, 0.000000, 1.000000
-24.5374, -39.1251, 10.7448, 229.2636, 251.2597, 39.1248, 189.2435, 19.6619, -103.4964, 14.3308, 0.915531, 0.398310, 0.056147, -0.039125, -0.398452, 0.917144, -0.009124, 0.010745, -0.055129, -0.014019, 0.998381, 0.229264, 0.000000, 0.000000, 0.000000, 1.000000, -0.054982, -0.014360, 0.998384, 0.251260, -0.915531, -0.398310, -0.056148, 0.039125, 0.398472, -0.917139, 0.008753, 0.189244, 0.000000, 0.000000, 0.000000, 1.000000, -0.997156, 0.075103, 0.006293, 0.019662, 0.004719, -0.021122, 0.999766, -0.103496, 0.075218, 0.996952, 0.020707, 0.014331, 0.000000, 0.000000, 0.000000, 1.000000
-24.5219, -39.0818, 10.7250, 229.2537, 251.2498, 39.0815, 189.2634, 19.6453, -103.4976, 14.3362, 0.915639, 0.398063, 0.056133, -0.039082, -0.398202, 0.917252, -0.009164, 0.010725, -0.055136, -0.013961, 0.998381, 0.229254, 0.000000, 0.000000, 0.000000, 1.000000, -0.054990, -0.014302, 0.998384, 0.251250, -0.915639, -0.398063, -0.056135, 0.039082, 0.398222, -0.917247, 0.008794, 0.189263, 0.000000, 0.000000, 0.000000, 1.000000, -0.997156, 0.075105, 0.006285, 0.019645, 0.004709, -0.021134, 0.999766, -0.103498, 0.075220, 0.996952, 0.020720, 0.014336, 0.000000, 0.000000, 0.000000, 1.000000
-24.5142, -39.0605, 10.7152, 229.2488, 251.2449, 39.0602, 189.2731, 19.6372, -103.4981, 14.3389, 0.915693, 0.397941, 0.056127, -0.039061, -0.398079, 0.917305, -0.009184, 0.010715, -0.055140, -0.013933, 0.998381, 0.229249, 0.000000, 0.000000, 0.000000, 1.000000, -0.054994, -0.014274, 0.998385, 0.251245, -0.915692, -0.397941, -0.056128, 0.039060, 0.398099, -0.917300, 0.008814, 0.189273, 0.000000, 0.000000, 0.000000, 1.000000, -0.997156, 0.075106, 0.006280, 0.019637, 0.004704, -0.021140, 0.999765, -0.103498, 0.075221, 0.996951, 0.020727, 0.014339, 0.000000, 0.000000, 0.000000, 1.000000
-24.4918, -38.9978, 10.6868, 229.2345, 251.2306, 38.9975, 189.3017, 19.6133, -103.4998, 14.3467, 0.915849, 0.397583, 0.056107, -0.038998, -0.397717, 0.917462, -0.009243, 0.010687, -0.055151, -0.013850, 0.998382, 0.229235, 0.000000, 0.000000, 0.000000, 1.000000, -0.055005, -0.014191, 0.998385, 0.251231, -0.915849, -0.397583, -0.056108, 0.038997, 0.397737, -0.917456, 0.008873, 0.189302, 0.000000, 0.000000, 0.000000, 1.000000, -0.997156, 0.075109, 0.006267, 0.019613, 0.004690, -0.021158, 0.999765, -0.103500, 0.075224, 0.996951, 0.020745, 0.014347, 0.000000, 0.000000, 0.000000, 1.000000
-24.4700, -38.9372, 10.6596, 229.2208, 251.2169, 38.9369, 189.3290, 19.5901, -103.5013, 14.3543, 0.916000, 0.397237, 0.056088, -0.038937, -0.397367, 0.917613, -0.009298, 0.010660, -0.055161, -0.013770, 0.998383, 0.229221, 0.000000, 0.000000, 0.000000, 1.000000, -0.055015, -0.014111, 0.998386, 0.251217, -0.916000, -0.397237, -0.056089, 0.038937, 0.397388, -0.917607, 0.008929, 0.189329, 0.000000, 0.000000, 0.000000, 1.000000, -0.997156, 0.075112, 0.006255, 0.019590, 0.004677, -0.021175, 0.999765, -0.103501, 0.075226, 0.996950, 0.020763, 0.014354, 0.000000, 0.000000, 0.000000, 1.000000
-24.4630, -38.9175, 10.6508, 229.2163, 251.2124, 38.9172, 189.3379, 19.5826, -103.5018, 14.3568, 0.916049, 0.397125, 0.056082, -0.038918, -0.397254, 0.917662, -0.009316, 0.010651, -0.055164, -0.013745, 0.998383, 0.229216, 0.000000, 0.000000, 0.000000, 1.000000, -0.055018, -0.014085, 0.998386, 0.251212, -0.916049, -0.397125, -0.056083, 0.038917, 0.397274, -0.917656, 0.008947, 0.189338, 0.000000, 0.000000, 0.000000, 1.000000, -0.997155, 0.075113, 0.006251, 0.019583, 0.004672, -0.021180, 0.999765, -0.103502, 0.075227, 0.996950, 0.020769, 0.014357, 0.000000, 0.000000, 0.000000, 1.000000
-24.4356, -38.8413, 10.6172, 229.1992, 251.1953, 38.8409, 189.3716, 19.5536, -103.5036, 14.3664, 0.916239, 0.396690, 0.056058, -0.038841, -0.396814, 0.917851, -0.009385, 0.010617, -0.055176, -0.013646, 0.998383, 0.229199, 0.000000, 0.000000, 0.000000, 1.000000, -0.055030, -0.013985, 0.998387, 0.251195, -0.916239, -0.396690, -0.056059, 0.038841, 0.396834, -0.917846, 0.009016, 0.189372, 0.000000, 0.000000, 0.000000, 1.000000, -0.997155, 0.075116, 0.006236, 0.019554, 0.004655, -0.021202, 0.999764, -0.103504, 0.075231, 0.996949, 0.020792, 0.014366, 0.000000, 0.000000, 0.000000, 1.000000
-24.4290, -38.8229, 10.6093, 229.1951, 251.1912, 38.8225, 189.3796, 19.5465, -103.5041, 14.3687, 0.916285, 0.396585, 0.056052, -0.038823, -0.396708, 0.917897, -0.009401, 0.010609, -0.055178, -0.013622, 0.998384, 0.229195, 0.000000, 0.000000, 0.000000, 1.000000, -0.055033, -0.013962, 0.998387, 0.251191, -0.916285, -0.396585, -0.056054, 0.038823, 0.396728, -0.917892, 0.009032, 0.189380, 0.000000, 0.000000, 0.000000, 1.000000, -0.997155, 0.075117, 0.006232, 0.019547, 0.004651, -0.021207, 0.999764, -0.103504, 0.075231, 0.996949, 0.020798, 0.014369, 0.000000, 0.000000, 0.000000, 1.000000
-24.4161, -38.7880, 10.6005, 229.1897, 251.1858, 38.7877, 189.3884, 19.5337, -103.5041, 14.3736, 0.916372, 0.396387, 0.056040, -0.038788, -0.396508, 0.917983, -0.009417, 0.010600, -0.055177, -0.013591, 0.998384, 0.229190, 0.000000, 0.000000, 0.000000, 1.000000, -0.055032, -0.013930, 0.998387, 0.251186, -0.916371, -0.396387, -0.056042, 0.038788, 0.396529, -0.917978, 0.009049, 0.189388, 0.000000, 0.000000, 0.000000, 1.000000, -0.997155, 0.075119, 0.006225, 0.019534, 0.004643, -0.021217, 0.999764, -0.103504, 0.075233, 0.996949, 0.020808, 0.014374, 0.000000, 0.000000, 0.000000, 1.000000
-24.4098, -38.7710, 10.5961, 229.1870, 251.1831, 38.7707, 189.3928, 19.5274, -103.5042, 14.3761, 0.916414, 0.396290, 0.056035, -0.038771, -0.396411, 0.918025, -0.009425, 0.010596, -0.055176, -0.013575, 0.998384, 0.229187, 0.000000, 0.000000, 0.000000, 1.000000, -0.055031, -0.013915, 0.998388, 0.251183, -0.916414, -0.396290, -0.056036, 0.038771, 0.396431, -0.918020, 0.009057, 0.189393, 0.000000, 0.000000, 0.000000, 1.000000, -0.997155, 0.075119, 0.006221, 0.019527, 0.004639, -0.021222, 0.999764, -0.103504, 0.075234, 0.996949, 0.020813, 0.014376, 0.000000, 0.000000, 0.000000, 1.000000
-24.3975, -38.7378, 10.5874, 229.1817, 251.1778, 38.7375, 189.4015, 19.5152, -103.5043, 14.3808, 0.916496, 0.396101, 0.056023, -0.038738, -0.396221, 0.918107, -0.009441, 0.010587, -0.055175, -0.013545, 0.998385, 0.229182, 0.000000, 0.000000, 0.000000, 1.000000, -0.055030, -0.013884, 0.998388, 0.251178, -0.916496, -0.396101, -0.056025, 0.038737, 0.396241, -0.918102, 0.009073, 0.189401, 0.000000, 0.000000, 0.000000, 1.000000, -0.997155, 0.075121, 0.006214, 0.019515, 0.004631, -0.021231, 0.999764, -0.103504, 0.075235, 0.996948, 0.020823, 0.014381, 0.000000, 0.000000, 0.000000, 1.000000
-24.3915, -38.7216, 10.5831, 229.1791, 251.1752, 38.7212, 189.4059, 19.5092, -103.5043, 14.3831, 0.916536, 0.396009, 0.056018, -0.038722, -0.396127, 0.918147, -0.009450, 0.010583, -0.055175, -0.013529, 0.998385, 0.229179, 0.000000, 0.000000, 0.000000, 1.000000, -0.055030, -0.013869, 0.998388, 0.251175, -0.916536, -0.396009, -0.056019, 0.038721, 0.396148, -0.918142, 0.009081, 0.189406, 0.000000, 0.000000, 0.000000, 1.000000, -0.997155, 0.075122, 0.006211, 0.019509, 0.004627, -0.021236, 0.999764, -0.103504, 0.075236, 0.996948, 0.020828, 0.014383, 0.000000, 0.000000, 0.000000, 1.000000
-24.3798, -38.6898, 10.5743, 229.1738, 251.1699, 38.6895, 189.4147, 19.4974, -103.5045, 14.3875, 0.916615, 0.395828, 0.056007, -0.038690, -0.395945, 0.918225, -0.009466, 0.010574, -0.055174, -0.013499, 0.998385, 0.229174, 0.000000, 0.000000, 0.000000, 1.000000, -0.055030, -0.013838, 0.998389, 0.251170, -0.916615, -0.395828, -0.056009, 0.038689, 0.395966, -0.918220, 0.009098, 0.189415, 0.000000, 0.000000, 0.000000, 1.000000, -0.997155, 0.075123, 0.006204, 0.019497, 0.004620, -0.021245, 0.999764, -0.103504, 0.075237, 0.996948, 0.020837, 0.014388, 0.000000, 0.000000, 0.000000, 1.000000
-24.3685, -38.6590, 10.5654, 229.1686, 251.1647, 38.6587, 189.4236, 19.4860, -103.5047, 14.3918, 0.916691, 0.395653, 0.055997, -0.038659, -0.395769, 0.918301, -0.009483, 0.010565, -0.055174, -0.013469, 0.998386, 0.229169, 0.000000, 0.000000, 0.000000, 1.000000, -0.055030, -0.013808, 0.998389, 0.251165, -0.916691, -0.395653, -0.055999, 0.038659, 0.395789, -0.918296, 0.009115, 0.189424, 0.000000, 0.000000, 0.000000, 1.000000, -0.997155, 0.075125, 0.006198, 0.019486, 0.004613, -0.021253, 0.999763, -0.103505, 0.075239, 0.996948, 0.020846, 0.014392, 0.000000, 0.000000, 0.000000, 1.000000
-24.3469, -38.6001, 10.5474, 229.1582, 251.1544, 38.5998, 189.4417, 19.4640, -103.5052, 14.3999, 0.916837, 0.395318, 0.055978, -0.038600, -0.395431, 0.918447, -0.009518, 0.010547, -0.055175, -0.013409, 0.998387, 0.229158, 0.000000, 0.000000, 0.000000, 1.000000, -0.055031, -0.013748, 0.998390, 0.251154, -0.916837, -0.395318, -0.055979, 0.038600, 0.395451, -0.918442, 0.009150, 0.189442, 0.000000, 0.000000, 0.000000, 1.000000, -0.997155, 0.075127, 0.006185, 0.019464, 0.004599, -0.021270, 0.999763, -0.103505, 0.075241, 0.996947, 0.020864, 0.014400, 0.000000, 0.000000, 0.000000, 1.000000
-24.3417, -38.5860, 10.5428, 229.1557, 251.1518, 38.5856, 189.4463, 19.4587, -103.5053, 14.4018, 0.916872, 0.395237, 0.055973, -0.038586, -0.395349, 0.918482, -0.009527, 0.010543, -0.055176, -0.013394, 0.998387, 0.229156, 0.000000, 0.000000, 0.000000, 1.000000, -0.055031, -0.013733, 0.998390, 0.251152, -0.916872, -0.395237, -0.055975, 0.038586, 0.395369, -0.918477, 0.009159, 0.189446, 0.000000, 0.000000, 0.000000, 1.000000, -0.997155, 0.075128, 0.006183, 0.019459, 0.004596, -0.021274, 0.999763, -0.103505, 0.075242, 0.996947, 0.020868, 0.014402, 0.000000, 0.000000, 0.000000, 1.000000
