# Joint_4_Angle(deg), Cam_X(mm), Cam_Y(mm), Cam_Z(mm), Torso_X(mm), Torso_Y(mm), Torso_Z(mm), EE_X(mm), EE_Y(mm), EE_Z(mm), T_cam2marker_flat(16), T_torso2marker_flat(16), T_ee2marker_flat(16)
-14.9996, 5.7664, -4.4253, 202.6833, 224.6845, -5.7669, 204.4400, 28.1849, 108.7721, -0.6343, 0.988417, -0.143387, 0.049713, 0.005766, 0.149177, 0.978168, -0.144684, -0.004425, -0.027882, 0.150424, 0.988228, 0.202683, 0.000000, 0.000000, 0.000000, 1.000000, -0.027927, 0.150141, 0.988270, 0.224685, -0.988417, 0.143387, -0.049715, -0.005767, -0.149169, -0.978212, 0.144397, 0.204440, 0.000000, 0.000000, 0.000000, 1.000000, 0.995175, -0.059441, 0.078063, 0.028185, 0.080007, 0.031056, -0.996310, 0.108772, 0.056797, 0.997749, 0.035662, -0.000634, 0.000000, 0.000000, 0.000000, 1.000000
-14.9995, 5.7657, -4.4314, 202.6807, 224.6820, -5.7661, 204.4462, 28.1845, 108.7728, -0.6350, 0.988418, -0.143381, 0.049711, 0.005766, 0.149172, 0.978167, -0.144699, -0.004431, -0.027878, 0.150439, 0.988226, 0.202681, 0.000000, 0.000000, 0.000000, 1.000000, -0.027923, 0.150156, 0.988268, 0.224682, -0.988418, 0.143381, -0.049713, -0.005766, -0.149164, -0.978210, 0.144414, 0.204446, 0.000000, 0.000000, 0.000000, 1.000000, 0.995175, -0.059441, 0.078063, 0.028184, 0.080007, 0.031056, -0.996310, 0.108773, 0.056797, 0.997749, 0.035662, -0.000635, 0.000000, 0.000000, 0.000000, 1.000000
-14.9993, 5.7665, -4.4267, 202.6839, 224.6852, -5.7669, 204.4415, 28.1849, 108.7719, -0.6341, 0.988417, -0.143387, 0.049711, 0.005766, 0.149177, 0.978169, -0.144681, -0.004427, -0.027881, 0.150421, 0.988229, 0.202684, 0.000000, 0.000000, 0.000000, 1.000000, -0.027926, 0.150139, 0.988270, 0.224685, -0.988417, 0.143386, -0.049713, -0.005767, -0.149168, -0.978212, 0.144395, 0.204442, 0.000000, 0.000000, 0.000000, 1.000000, 0.995175, -0.059441, 0.078063, 0.028185, 0.080007, 0.031056, -0.996310, 0.108772, 0.056797, 0.997749, 0.035662, -0.000634, 0.000000, 0.000000, 0.000000, 1.000000
-14.9989, 5.7668, -4.4248, 202.6862, 224.6874, -5.7672, 204.4396, 28.1851, 108.7713, -0.6333, 0.988417, -0.143388, 0.049711, 0.005767, 0.149178, 0.978170, -0.144668, -0.004425, -0.027882, 0.150409, 0.988231, 0.202686, 0.000000, 0.000000, 0.000000, 1.000000, -0.027927, 0.150126, 0.988272, 0.224687, -0.988417, 0.143388, -0.049713, -0.005767, -0.149170, -0.978214, 0.144382, 0.204440, 0.000000, 0.000000, 0.000000, 1.000000, 0.995175, -0.059441, 0.078063, 0.028185, 0.080007, 0.031056, -0.996310, 0.108771, 0.056797, 0.997749, 0.035662, -0.000633, 0.000000, 0.000000, 0.000000, 1.000000
-14.9978, 5.7667, -4.4242, 202.6904, 224.6917, -5.7671, 204.4390, 28.1852, 108.7700, -0.6318, 0.988417, -0.143388, 0.049710, 0.005767, 0.149176, 0.978174, -0.144644, -0.004424, -0.027885, 0.150384, 0.988234, 0.202690, 0.000000, 0.000000, 0.000000, 1.000000, -0.027930, 0.150101, 0.988276, 0.224692, -0.988417, 0.143388, -0.049712, -0.005767, -0.149168, -0.978218, 0.144358, 0.204439, 0.000000, 0.000000, 0.000000, 1.000000, 0.995175, -0.059441, 0.078063, 0.028185, 0.080007, 0.031056, -0.996310, 0.108770, 0.056798, 0.997749, 0.035662, -0.000632, 0.000000, 0.000000, 0.000000, 1.000000
-14.9966, 5.7663, -4.4254, 202.6941, 224.6954, -5.7667, 204.4401, 28.1851, 108.7689, -0.6304, 0.988418, -0.143385, 0.049708, 0.005766, 0.149173, 0.978178, -0.144622, -0.004425, -0.027887, 0.150362, 0.988238, 0.202694, 0.000000, 0.000000, 0.000000, 1.000000, -0.027932, 0.150079, 0.988279, 0.224695, -0.988418, 0.143385, -0.049710, -0.005767, -0.149165, -0.978221, 0.144336, 0.204440, 0.000000, 0.000000, 0.000000, 1.000000, 0.995175, -0.059442, 0.078062, 0.028185, 0.080007, 0.031056, -0.996310, 0.108769, 0.056798, 0.997749, 0.035662, -0.000630, 0.000000, 0.000000, 0.000000, 1.000000
-14.9940, 5.7651, -4.4294, 202.7014, 224.7027, -5.7655, 204.4442, 28.1849, 108.7666, -0.6276, 0.988419, -0.143377, 0.049704, 0.005765, 0.149163, 0.978186, -0.144579, -0.004429, -0.027890, 0.150319, 0.988244, 0.202701, 0.000000, 0.000000, 0.000000, 1.000000, -0.027936, 0.150035, 0.988286, 0.224703, -0.988419, 0.143376, -0.049706, -0.005766, -0.149155, -0.978229, 0.144293, 0.204444, 0.000000, 0.000000, 0.000000, 1.000000, 0.995175, -0.059443, 0.078062, 0.028185, 0.080006, 0.031056, -0.996310, 0.108767, 0.056799, 0.997749, 0.035662, -0.000628, 0.000000, 0.000000, 0.000000, 1.000000
-14.9917, 5.7640, -4.4336, 202.7073, 224.7086, -5.7644, 204.4483, 28.1846, 108.7647, -0.6253, 0.988421, -0.143369, 0.049700, 0.005764, 0.149153, 0.978192, -0.144544, -0.004434, -0.027893, 0.150283, 0.988249, 0.202707, 0.000000, 0.000000, 0.000000, 1.000000, -0.027939, 0.150000, 0.988291, 0.224709, -0.988421, 0.143369, -0.049702, -0.005764, -0.149145, -0.978236, 0.144257, 0.204448, 0.000000, 0.000000, 0.000000, 1.000000, 0.995175, -0.059443, 0.078061, 0.028185, 0.080005, 0.031056, -0.996311, 0.108765, 0.056800, 0.997748, 0.035662, -0.000625, 0.000000, 0.000000, 0.000000, 1.000000
-14.9904, 5.7633, -4.4361, 202.7107, 224.7119, -5.7637, 204.4508, 28.1845, 108.7637, -0.6239, 0.988421, -0.143364, 0.049698, 0.005763, 0.149148, 0.978196, -0.144524, -0.004436, -0.027895, 0.150263, 0.988252, 0.202711, 0.000000, 0.000000, 0.000000, 1.000000, -0.027940, 0.149980, 0.988294, 0.224712, -0.988421, 0.143364, -0.049700, -0.005764, -0.149140, -0.978240, 0.144238, 0.204451, 0.000000, 0.000000, 0.000000, 1.000000, 0.995175, -0.059444, 0.078061, 0.028184, 0.080005, 0.031056, -0.996311, 0.108764, 0.056800, 0.997748, 0.035662, -0.000624, 0.000000, 0.000000, 0.000000, 1.000000
-14.9875, 5.7617, -4.4420, 202.7183, 224.7195, -5.7621, 204.4567, 28.1841, 108.7612, -0.6209, 0.988423, -0.143353, 0.049693, 0.005762, 0.149135, 0.978205, -0.144478, -0.004442, -0.027899, 0.150217, 0.988259, 0.202718, 0.000000, 0.000000, 0.000000, 1.000000, -0.027944, 0.149934, 0.988301, 0.224720, -0.988423, 0.143353, -0.049696, -0.005762, -0.149127, -0.978248, 0.144192, 0.204457, 0.000000, 0.000000, 0.000000, 1.000000, 0.995175, -0.059444, 0.078060, 0.028184, 0.080004, 0.031057, -0.996311, 0.108761, 0.056801, 0.997748, 0.035663, -0.000621, 0.000000, 0.000000, 0.000000, 1.000000
-14.9858, 5.7608, -4.4454, 202.7226, 224.7238, -5.7612, 204.4601, 28.1839, 108.7599, -0.6192, 0.988424, -0.143347, 0.049691, 0.005761, 0.149127, 0.978210, -0.144453, -0.004445, -0.027901, 0.150191, 0.988263, 0.202723, 0.000000, 0.000000, 0.000000, 1.000000, -0.027946, 0.149908, 0.988305, 0.224724, -0.988424, 0.143346, -0.049693, -0.005761, -0.149119, -0.978253, 0.144167, 0.204460, 0.000000, 0.000000, 0.000000, 1.000000, 0.995175, -0.059445, 0.078060, 0.028184, 0.080004, 0.031057, -0.996311, 0.108760, 0.056801, 0.997748, 0.035663, -0.000619, 0.000000, 0.000000, 0.000000, 1.000000
-14.9820, 5.7587, -4.4530, 202.7322, 224.7335, -5.7591, 204.4677, 28.1834, 108.7568, -0.6153, 0.988427, -0.143332, 0.049685, 0.005759, 0.149111, 0.978221, -0.144395, -0.004453, -0.027906, 0.150133, 0.988272, 0.202732, 0.000000, 0.000000, 0.000000, 1.000000, -0.027951, 0.149850, 0.988314, 0.224733, -0.988427, 0.143332, -0.049687, -0.005759, -0.149103, -0.978264, 0.144109, 0.204468, 0.000000, 0.000000, 0.000000, 1.000000, 0.995175, -0.059446, 0.078059, 0.028183, 0.080003, 0.031057, -0.996311, 0.108757, 0.056802, 0.997748, 0.035663, -0.000615, 0.000000, 0.000000, 0.000000, 1.000000
-14.9799, 5.7575, -4.4573, 202.7375, 224.7388, -5.7579, 204.4720, 28.1831, 108.7551, -0.6132, 0.988428, -0.143324, 0.049681, 0.005758, 0.149101, 0.978227, -0.144364, -0.004457, -0.027909, 0.150101, 0.988277, 0.202738, 0.000000, 0.000000, 0.000000, 1.000000, -0.027954, 0.149818, 0.988318, 0.224739, -0.988428, 0.143324, -0.049683, -0.005758, -0.149093, -0.978270, 0.144077, 0.204472, 0.000000, 0.000000, 0.000000, 1.000000, 0.995175, -0.059447, 0.078058, 0.028183, 0.080003, 0.031057, -0.996311, 0.108755, 0.056803, 0.997748, 0.035663, -0.000613, 0.000000, 0.000000, 0.000000, 1.000000
-14.9752, 5.7550, -4.4666, 202.7493, 224.7505, -5.7554, 204.4813, 28.1825, 108.7513, -0.6085, 0.988431, -0.143307, 0.049674, 0.005755, 0.149081, 0.978240, -0.144294, -0.004467, -0.027915, 0.150030, 0.988287, 0.202749, 0.000000, 0.000000, 0.000000, 1.000000, -0.027960, 0.149747, 0.988329, 0.224751, -0.988431, 0.143307, -0.049676, -0.005755, -0.149073, -0.978284, 0.144007, 0.204481, 0.000000, 0.000000, 0.000000, 1.000000, 0.995175, -0.059448, 0.078057, 0.028182, 0.080002, 0.031058, -0.996311, 0.108751, 0.056804, 0.997748, 0.035664, -0.000608, 0.000000, 0.000000, 0.000000, 1.000000
-14.9727, 5.7536, -4.4716, 202.7557, 224.7570, -5.7540, 204.4863, 28.1822, 108.7492, -0.6059, 0.988432, -0.143297, 0.049670, 0.005754, 0.149070, 0.978248, -0.144255, -0.004472, -0.027918, 0.149991, 0.988293, 0.202756, 0.000000, 0.000000, 0.000000, 1.000000, -0.027963, 0.149708, 0.988335, 0.224757, -0.988432, 0.143297, -0.049672, -0.005754, -0.149062, -0.978291, 0.143969, 0.204486, 0.000000, 0.000000, 0.000000, 1.000000, 0.995175, -0.059449, 0.078057, 0.028182, 0.080001, 0.031058, -0.996311, 0.108749, 0.056805, 0.997748, 0.035664, -0.000606, 0.000000, 0.000000, 0.000000, 1.000000
-14.9581, 5.7455, -4.5002, 202.7932, 224.7945, -5.7459, 204.5149, 28.1803, 108.7372, -0.5909, 0.988442, -0.143243, 0.049646, 0.005745, 0.149006, 0.978290, -0.144032, -0.004500, -0.027937, 0.149764, 0.988327, 0.202793, 0.000000, 0.000000, 0.000000, 1.000000, -0.027982, 0.149482, 0.988368, 0.224795, -0.988442, 0.143242, -0.049648, -0.005746, -0.148998, -0.978334, 0.143746, 0.204515, 0.000000, 0.000000, 0.000000, 1.000000, 0.995175, -0.059453, 0.078053, 0.028180, 0.079998, 0.031059, -0.996311, 0.108737, 0.056809, 0.997748, 0.035665, -0.000591, 0.000000, 0.000000, 0.000000, 1.000000
-14.9514, 5.7423, -4.5100, 202.8119, 224.8132, -5.7428, 204.5247, 28.1797, 108.7313, -0.5836, 0.988445, -0.143221, 0.049636, 0.005742, 0.148980, 0.978311, -0.143921, -0.004510, -0.027947, 0.149653, 0.988344, 0.202812, 0.000000, 0.000000, 0.000000, 1.000000, -0.027992, 0.149370, 0.988385, 0.224813, -0.988445, 0.143221, -0.049638, -0.005743, -0.148972, -0.978354, 0.143635, 0.204525, 0.000000, 0.000000, 0.000000, 1.000000, 0.995175, -0.059455, 0.078051, 0.028180, 0.079996, 0.031059, -0.996311, 0.108731, 0.056811, 0.997748, 0.035666, -0.000584, 0.000000, 0.000000, 0.000000, 1.000000
-14.9479, 5.7414, -4.5108, 202.8239, 224.8252, -5.7418, 204.5255, 28.1797, 108.7277, -0.5792, 0.988446, -0.143215, 0.049632, 0.005741, 0.148971, 0.978322, -0.143851, -0.004511, -0.027954, 0.149582, 0.988354, 0.202824, 0.000000, 0.000000, 0.000000, 1.000000, -0.027999, 0.149299, 0.988396, 0.224825, -0.988446, 0.143214, -0.049634, -0.005742, -0.148963, -0.978366, 0.143564, 0.204526, 0.000000, 0.000000, 0.000000, 1.000000, 0.995175, -0.059456, 0.078051, 0.028180, 0.079995, 0.031059, -0.996311, 0.108728, 0.056812, 0.997748, 0.035666, -0.000579, 0.000000, 0.000000, 0.000000, 1.000000
-14.9367, 5.7380, -4.5161, 202.8610, 224.8623, -5.7384, 204.5306, 28.1797, 108.7163, -0.5654, 0.988451, -0.143191, 0.049617, 0.005738, 0.148939, 0.978359, -0.143633, -0.004516, -0.027976, 0.149364, 0.988386, 0.202861, 0.000000, 0.000000, 0.000000, 1.000000, -0.028021, 0.149080, 0.988428, 0.224862, -0.988450, 0.143191, -0.049619, -0.005738, -0.148931, -0.978403, 0.143345, 0.204531, 0.000000, 0.000000, 0.000000, 1.000000, 0.995175, -0.059459, 0.078048, 0.028180, 0.079993, 0.031060, -0.996311, 0.108716, 0.056816, 0.997747, 0.035666, -0.000565, 0.000000, 0.000000, 0.000000, 1.000000
-14.9328, 5.7367, -4.5187, 202.8737, 224.8750, -5.7371, 204.5331, 28.1796, 108.7124, -0.5607, 0.988452, -0.143182, 0.049611, 0.005737, 0.148927, 0.978372, -0.143558, -0.004519, -0.027983, 0.149289, 0.988398, 0.202874, 0.000000, 0.000000, 0.000000, 1.000000, -0.028028, 0.149004, 0.988439, 0.224875, -0.988452, 0.143182, -0.049613, -0.005737, -0.148919, -0.978415, 0.143271, 0.204533, 0.000000, 0.000000, 0.000000, 1.000000, 0.995175, -0.059461, 0.078047, 0.028180, 0.079992, 0.031060, -0.996311, 0.108712, 0.056817, 0.997747, 0.035667, -0.000561, 0.000000, 0.000000, 0.000000, 1.000000
-14.9287, 5.7353, -4.5217, 202.8865, 224.8878, -5.7357, 204.5361, 28.1795, 108.7085, -0.5559, 0.988454, -0.143173, 0.049605, 0.005735, 0.148915, 0.978385, -0.143483, -0.004522, -0.027990, 0.149213, 0.988409, 0.202887, 0.000000, 0.000000, 0.000000, 1.000000, -0.028036, 0.148928, 0.988450, 0.224888, -0.988454, 0.143172, -0.049607, -0.005736, -0.148907, -0.978428, 0.143195, 0.204536, 0.000000, 0.000000, 0.000000, 1.000000, 0.995175, -0.059462, 0.078046, 0.028179, 0.079991, 0.031060, -0.996312, 0.108708, 0.056818, 0.997747, 0.035667, -0.000556, 0.000000, 0.000000, 0.000000, 1.000000
-14.9204, 5.7322, -4.5290, 202.9126, 224.9139, -5.7326, 204.5433, 28.1792, 108.7005, -0.5461, 0.988457, -0.143152, 0.049593, 0.005732, 0.148888, 0.978411, -0.143330, -0.004529, -0.028005, 0.149059, 0.988432, 0.202913, 0.000000, 0.000000, 0.000000, 1.000000, -0.028050, 0.148774, 0.988473, 0.224914, -0.988457, 0.143151, -0.049595, -0.005733, -0.148880, -0.978455, 0.143041, 0.204543, 0.000000, 0.000000, 0.000000, 1.000000, 0.995175, -0.059464, 0.078044, 0.028179, 0.079989, 0.031061, -0.996312, 0.108700, 0.056821, 0.997747, 0.035667, -0.000546, 0.000000, 0.000000, 0.000000, 1.000000
-14.9027, 5.7250, -4.5483, 202.9658, 224.9671, -5.7254, 204.5623, 28.1781, 108.6840, -0.5259, 0.988466, -0.143102, 0.049567, 0.005725, 0.148827, 0.978467, -0.143017, -0.004548, -0.028034, 0.148744, 0.988478, 0.202966, 0.000000, 0.000000, 0.000000, 1.000000, -0.028079, 0.148458, 0.988520, 0.224967, -0.988466, 0.143102, -0.049569, -0.005725, -0.148818, -0.978510, 0.142727, 0.204562, 0.000000, 0.000000, 0.000000, 1.000000, 0.995175, -0.059470, 0.078040, 0.028178, 0.079985, 0.031061, -0.996312, 0.108684, 0.056826, 0.997747, 0.035668, -0.000526, 0.000000, 0.000000, 0.000000, 1.000000
-14.8981, 5.7230, -4.5540, 202.9792, 224.9805, -5.7234, 204.5680, 28.1778, 108.6798, -0.5208, 0.988468, -0.143089, 0.049560, 0.005723, 0.148810, 0.978481, -0.142938, -0.004554, -0.028041, 0.148664, 0.988490, 0.202979, 0.000000, 0.000000, 0.000000, 1.000000, -0.028086, 0.148378, 0.988532, 0.224981, -0.988468, 0.143089, -0.049562, -0.005723, -0.148802, -0.978524, 0.142648, 0.204568, 0.000000, 0.000000, 0.000000, 1.000000, 0.995175, -0.059471, 0.078039, 0.028178, 0.079984, 0.031062, -0.996312, 0.108680, 0.056828, 0.997747, 0.035669, -0.000521, 0.000000, 0.000000, 0.000000, 1.000000
-14.8889, 5.7188, -4.5662, 203.0061, 225.0074, -5.7192, 204.5802, 28.1771, 108.6714, -0.5105, 0.988473, -0.143061, 0.049546, 0.005719, 0.148775, 0.978509, -0.142780, -0.004566, -0.028055, 0.148505, 0.988514, 0.203006, 0.000000, 0.000000, 0.000000, 1.000000, -0.028100, 0.148218, 0.988555, 0.225007, -0.988473, 0.143061, -0.049548, -0.005719, -0.148767, -0.978552, 0.142490, 0.204580, 0.000000, 0.000000, 0.000000, 1.000000, 0.995175, -0.059474, 0.078036, 0.028177, 0.079982, 0.031062, -0.996312, 0.108671, 0.056831, 0.997746, 0.035669, -0.000510, 0.000000, 0.000000, 0.000000, 1.000000
-14.8842, 5.7167, -4.5728, 203.0195, 225.0208, -5.7171, 204.5867, 28.1767, 108.6672, -0.5053, 0.988475, -0.143046, 0.049538, 0.005717, 0.148758, 0.978523, -0.142701, -0.004573, -0.028062, 0.148425, 0.988525, 0.203019, 0.000000, 0.000000, 0.000000, 1.000000, -0.028107, 0.148139, 0.988567, 0.225021, -0.988475, 0.143046, -0.049540, -0.005717, -0.148749, -0.978567, 0.142411, 0.204587, 0.000000, 0.000000, 0.000000, 1.000000, 0.995175, -0.059475, 0.078035, 0.028177, 0.079981, 0.031063, -0.996312, 0.108667, 0.056832, 0.997746, 0.035670, -0.000505, 0.000000, 0.000000, 0.000000, 1.000000
-14.8747, 5.7122, -4.5867, 203.0463, 225.0476, -5.7126, 204.6005, 28.1758, 108.6588, -0.4950, 0.988481, -0.143016, 0.049523, 0.005712, 0.148721, 0.978552, -0.142543, -0.004587, -0.028075, 0.148266, 0.988549, 0.203046, 0.000000, 0.000000, 0.000000, 1.000000, -0.028121, 0.147979, 0.988591, 0.225048, -0.988481, 0.143016, -0.049525, -0.005713, -0.148713, -0.978595, 0.142253, 0.204600, 0.000000, 0.000000, 0.000000, 1.000000, 0.995175, -0.059478, 0.078033, 0.028176, 0.079979, 0.031063, -0.996312, 0.108659, 0.056835, 0.997746, 0.035670, -0.000495, 0.000000, 0.000000, 0.000000, 1.000000
-14.8651, 5.7075, -4.6015, 203.0730, 225.0743, -5.7079, 204.6152, 28.1748, 108.6505, -0.4846, 0.988486, -0.142984, 0.049508, 0.005707, 0.148683, 0.978580, -0.142386, -0.004602, -0.028089, 0.148107, 0.988572, 0.203073, 0.000000, 0.000000, 0.000000, 1.000000, -0.028134, 0.147820, 0.988614, 0.225074, -0.988486, 0.142984, -0.049510, -0.005708, -0.148675, -0.978624, 0.142095, 0.204615, 0.000000, 0.000000, 0.000000, 1.000000, 0.995175, -0.059481, 0.078031, 0.028175, 0.079976, 0.031064, -0.996313, 0.108650, 0.056838, 0.997746, 0.035671, -0.000485, 0.000000, 0.000000, 0.000000, 1.000000
-14.8603, 5.7050, -4.6093, 203.0863, 225.0876, -5.7054, 204.6229, 28.1743, 108.6463, -0.4795, 0.988489, -0.142968, 0.049500, 0.005705, 0.148664, 0.978595, -0.142308, -0.004609, -0.028095, 0.148028, 0.988584, 0.203086, 0.000000, 0.000000, 0.000000, 1.000000, -0.028141, 0.147741, 0.988626, 0.225088, -0.988489, 0.142968, -0.049502, -0.005705, -0.148655, -0.978638, 0.142017, 0.204623, 0.000000, 0.000000, 0.000000, 1.000000, 0.995175, -0.059482, 0.078029, 0.028174, 0.079975, 0.031064, -0.996313, 0.108646, 0.056839, 0.997746, 0.035671, -0.000479, 0.000000, 0.000000, 0.000000, 1.000000
-14.8506, 5.7001, -4.6253, 203.1128, 225.1141, -5.7005, 204.6389, 28.1733, 108.6380, -0.4692, 0.988494, -0.142935, 0.049485, 0.005700, 0.148624, 0.978623, -0.142152, -0.004625, -0.028108, 0.147871, 0.988607, 0.203113, 0.000000, 0.000000, 0.000000, 1.000000, -0.028154, 0.147583, 0.988649, 0.225114, -0.988494, 0.142935, -0.049487, -0.005700, -0.148616, -0.978667, 0.141861, 0.204639, 0.000000, 0.000000, 0.000000, 1.000000, 0.995175, -0.059485, 0.078027, 0.028173, 0.079973, 0.031065, -0.996313, 0.108638, 0.056842, 0.997746, 0.035672, -0.000469, 0.000000, 0.000000, 0.000000, 1.000000
-14.8409, 5.6950, -4.6419, 203.1391, 225.1404, -5.6954, 204.6554, 28.1722, 108.6297, -0.4589, 0.988500, -0.142901, 0.049469, 0.005695, 0.148584, 0.978652, -0.141997, -0.004642, -0.028121, 0.147714, 0.988630, 0.203139, 0.000000, 0.000000, 0.000000, 1.000000, -0.028167, 0.147426, 0.988672, 0.225140, -0.988500, 0.142901, -0.049471, -0.005695, -0.148576, -0.978695, 0.141706, 0.204655, 0.000000, 0.000000, 0.000000, 1.000000, 0.995175, -0.059488, 0.078025, 0.028172, 0.079971, 0.031065, -0.996313, 0.108630, 0.056845, 0.997746, 0.035673, -0.000459, 0.000000, 0.000000, 0.000000, 1.000000
-14.8264, 5.6873, -4.6676, 203.1779, 225.1793, -5.6877, 204.6811, 28.1704, 108.6175, -0.4437, 0.988509, -0.142850, 0.049445, 0.005687, 0.148523, 0.978694, -0.141769, -0.004668, -0.028140, 0.147483, 0.988664, 0.203178, 0.000000, 0.000000, 0.000000, 1.000000, -0.028186, 0.147194, 0.988706, 0.225179, -0.988508, 0.142850, -0.049447, -0.005688, -0.148515, -0.978738, 0.141476, 0.204681, 0.000000, 0.000000, 0.000000, 1.000000, 0.995175, -0.059492, 0.078021, 0.028170, 0.079967, 0.031067, -0.996313, 0.108617, 0.056849, 0.997745, 0.035674, -0.000444, 0.000000, 0.000000, 0.000000, 1.000000
-14.8169, 5.6820, -4.6850, 203.2032, 225.2045, -5.6825, 204.6984, 28.1693, 108.6095, -0.4339, 0.988514, -0.142815, 0.049429, 0.005682, 0.148482, 0.978722, -0.141620, -0.004685, -0.028152, 0.147333, 0.988686, 0.203203, 0.000000, 0.000000, 0.000000, 1.000000, -0.028197, 0.147044, 0.988728, 0.225205, -0.988514, 0.142815, -0.049431, -0.005682, -0.148474, -0.978766, 0.141328, 0.204698, 0.000000, 0.000000, 0.000000, 1.000000, 0.995175, -0.059495, 0.078019, 0.028169, 0.079965, 0.031067, -0.996313, 0.108610, 0.056852, 0.997745, 0.035675, -0.000434, 0.000000, 0.000000, 0.000000, 1.000000
-14.8122, 5.6794, -4.6938, 203.2156, 225.2170, -5.6799, 204.7071, 28.1687, 108.6056, -0.4290, 0.988517, -0.142798, 0.049421, 0.005679, 0.148462, 0.978736, -0.141547, -0.004694, -0.028157, 0.147259, 0.988697, 0.203216, 0.000000, 0.000000, 0.000000, 1.000000, -0.028203, 0.146969, 0.988739, 0.225217, -0.988517, 0.142798, -0.049423, -0.005680, -0.148454, -0.978779, 0.141254, 0.204707, 0.000000, 0.000000, 0.000000, 1.000000, 0.995175, -0.059496, 0.078018, 0.028169, 0.079964, 0.031068, -0.996313, 0.108606, 0.056853, 0.997745, 0.035675, -0.000429, 0.000000, 0.000000, 0.000000, 1.000000
-14.8028, 5.6742, -4.7113, 203.2402, 225.2416, -5.6746, 204.7246, 28.1674, 108.5978, -0.4193, 0.988523, -0.142764, 0.049405, 0.005674, 0.148421, 0.978763, -0.141402, -0.004711, -0.028169, 0.147112, 0.988719, 0.203240, 0.000000, 0.000000, 0.000000, 1.000000, -0.028215, 0.146823, 0.988760, 0.225242, -0.988523, 0.142764, -0.049407, -0.005675, -0.148413, -0.978806, 0.141109, 0.204725, 0.000000, 0.000000, 0.000000, 1.000000, 0.995175, -0.059499, 0.078015, 0.028167, 0.079962, 0.031068, -0.996314, 0.108598, 0.056856, 0.997745, 0.035676, -0.000419, 0.000000, 0.000000, 0.000000, 1.000000
-14.7982, 5.6716, -4.7201, 203.2525, 225.2538, -5.6720, 204.7334, 28.1668, 108.5940, -0.4145, 0.988526, -0.142747, 0.049397, 0.005672, 0.148401, 0.978776, -0.141330, -0.004720, -0.028174, 0.147039, 0.988729, 0.203252, 0.000000, 0.000000, 0.000000, 1.000000, -0.028220, 0.146750, 0.988771, 0.225254, -0.988526, 0.142746, -0.049399, -0.005672, -0.148393, -0.978820, 0.141038, 0.204733, 0.000000, 0.000000, 0.000000, 1.000000, 0.995175, -0.059500, 0.078014, 0.028167, 0.079961, 0.031069, -0.996314, 0.108594, 0.056857, 0.997745, 0.035676, -0.000415, 0.000000, 0.000000, 0.000000, 1.000000
-14.7890, 5.6664, -4.7377, 203.2766, 225.2780, -5.6668, 204.7510, 28.1656, 108.5863, -0.4050, 0.988532, -0.142712, 0.049382, 0.005666, 0.148361, 0.978803, -0.141188, -0.004738, -0.028186, 0.146895, 0.988750, 0.203277, 0.000000, 0.000000, 0.000000, 1.000000, -0.028232, 0.146605, 0.988792, 0.225278, -0.988532, 0.142712, -0.049384, -0.005667, -0.148352, -0.978846, 0.140895, 0.204751, 0.000000, 0.000000, 0.000000, 1.000000, 0.995175, -0.059503, 0.078012, 0.028166, 0.079959, 0.031069, -0.996314, 0.108586, 0.056860, 0.997744, 0.035677, -0.000405, 0.000000, 0.000000, 0.000000, 1.000000
-14.7844, 5.6638, -4.7465, 203.2886, 225.2900, -5.6642, 204.7597, 28.1650, 108.5825, -0.4003, 0.988534, -0.142695, 0.049374, 0.005664, 0.148341, 0.978816, -0.141118, -0.004746, -0.028191, 0.146824, 0.988761, 0.203289, 0.000000, 0.000000, 0.000000, 1.000000, -0.028237, 0.146534, 0.988803, 0.225290, -0.988534, 0.142695, -0.049376, -0.005664, -0.148332, -0.978859, 0.140825, 0.204760, 0.000000, 0.000000, 0.000000, 1.000000, 0.995175, -0.059504, 0.078011, 0.028165, 0.079958, 0.031070, -0.996314, 0.108583, 0.056861, 0.997744, 0.035678, -0.000400, 0.000000, 0.000000, 0.000000, 1.000000
-14.7753, 5.6586, -4.7639, 203.3123, 225.3137, -5.6591, 204.7771, 28.1638, 108.5750, -0.3910, 0.988540, -0.142661, 0.049358, 0.005659, 0.148301, 0.978842, -0.140978, -0.004764, -0.028202, 0.146682, 0.988782, 0.203312, 0.000000, 0.000000, 0.000000, 1.000000, -0.028248, 0.146393, 0.988823, 0.225314, -0.988540, 0.142661, -0.049360, -0.005659, -0.148293, -0.978886, 0.140685, 0.204777, 0.000000, 0.000000, 0.000000, 1.000000, 0.995175, -0.059507, 0.078009, 0.028164, 0.079956, 0.031070, -0.996314, 0.108575, 0.056864, 0.997744, 0.035678, -0.000391, 0.000000, 0.000000, 0.000000, 1.000000
-14.7708, 5.6561, -4.7725, 203.3241, 225.3255, -5.6565, 204.7857, 28.1632, 108.5713, -0.3863, 0.988543, -0.142644, 0.049351, 0.005656, 0.148281, 0.978855, -0.140909, -0.004773, -0.028207, 0.146612, 0.988792, 0.203324, 0.000000, 0.000000, 0.000000, 1.000000, -0.028253, 0.146322, 0.988833, 0.225326, -0.988543, 0.142644, -0.049353, -0.005656, -0.148273, -0.978899, 0.140616, 0.204786, 0.000000, 0.000000, 0.000000, 1.000000, 0.995175, -0.059508, 0.078007, 0.028163, 0.079955, 0.031071, -0.996314, 0.108571, 0.056865, 0.997744, 0.035679, -0.000386, 0.000000, 0.000000, 0.000000, 1.000000
-14.7663, 5.6535, -4.7811, 203.3359, 225.3373, -5.6539, 204.7943, 28.1626, 108.5676, -0.3817, 0.988546, -0.142628, 0.049343, 0.005654, 0.148261, 0.978868, -0.140840, -0.004781, -0.028213, 0.146542, 0.988802, 0.203336, 0.000000, 0.000000, 0.000000, 1.000000, -0.028259, 0.146252, 0.988844, 0.225337, -0.988546, 0.142627, -0.049345, -0.005654, -0.148253, -0.978911, 0.140547, 0.204794, 0.000000, 0.000000, 0.000000, 1.000000, 0.995175, -0.059510, 0.078006, 0.028163, 0.079954, 0.031071, -0.996314, 0.108568, 0.056867, 0.997744, 0.035679, -0.000382, 0.000000, 0.000000, 0.000000, 1.000000
-14.7574, 5.6484, -4.7981, 203.3592, 225.3606, -5.6489, 204.8113, 28.1614, 108.5602, -0.3725, 0.988551, -0.142594, 0.049328, 0.005648, 0.148222, 0.978894, -0.140703, -0.004798, -0.028224, 0.146403, 0.988822, 0.203359, 0.000000, 0.000000, 0.000000, 1.000000, -0.028270, 0.146113, 0.988864, 0.225361, -0.988551, 0.142594, -0.049330, -0.005649, -0.148214, -0.978937, 0.140409, 0.204811, 0.000000, 0.000000, 0.000000, 1.000000, 0.995175, -0.059512, 0.078004, 0.028161, 0.079952, 0.031072, -0.996314, 0.108560, 0.056869, 0.997744, 0.035680, -0.000373, 0.000000, 0.000000, 0.000000, 1.000000
-14.7443, 5.6410, -4.8229, 203.3934, 225.3948, -5.6414, 204.8360, 28.1597, 108.5494, -0.3591, 0.988559, -0.142546, 0.049306, 0.005641, 0.148165, 0.978931, -0.140501, -0.004823, -0.028239, 0.146199, 0.988852, 0.203393, 0.000000, 0.000000, 0.000000, 1.000000, -0.028285, 0.145909, 0.988894, 0.225395, -0.988559, 0.142545, -0.049308, -0.005641, -0.148157, -0.978975, 0.140208, 0.204836, 0.000000, 0.000000, 0.000000, 1.000000, 0.995175, -0.059516, 0.078001, 0.028160, 0.079948, 0.031073, -0.996315, 0.108549, 0.056873, 0.997744, 0.035681, -0.000359, 0.000000, 0.000000, 0.000000, 1.000000
-14.7401, 5.6386, -4.8309, 203.4046, 225.4060, -5.6390, 204.8440, 28.1591, 108.5458, -0.3547, 0.988562, -0.142530, 0.049299, 0.005639, 0.148147, 0.978944, -0.140435, -0.004831, -0.028245, 0.146132, 0.988862, 0.203405, 0.000000, 0.000000, 0.000000, 1.000000, -0.028291, 0.145842, 0.988903, 0.225406, -0.988562, 0.142530, -0.049301, -0.005639, -0.148138, -0.978987, 0.140142, 0.204844, 0.000000, 0.000000, 0.000000, 1.000000, 0.995175, -0.059517, 0.078000, 0.028159, 0.079947, 0.031073, -0.996315, 0.108546, 0.056874, 0.997744, 0.035681, -0.000355, 0.000000, 0.000000, 0.000000, 1.000000
-14.7317, 5.6339, -4.8465, 203.4266, 225.4281, -5.6343, 204.8596, 28.1580, 108.5388, -0.3460, 0.988567, -0.142499, 0.049285, 0.005634, 0.148110, 0.978968, -0.140306, -0.004847, -0.028255, 0.146001, 0.988881, 0.203427, 0.000000, 0.000000, 0.000000, 1.000000, -0.028301, 0.145711, 0.988922, 0.225428, -0.988567, 0.142499, -0.049287, -0.005634, -0.148102, -0.979011, 0.140012, 0.204860, 0.000000, 0.000000, 0.000000, 1.000000, 0.995175, -0.059520, 0.077998, 0.028158, 0.079946, 0.031074, -0.996315, 0.108539, 0.056877, 0.997743, 0.035682, -0.000346, 0.000000, 0.000000, 0.000000, 1.000000
-14.7276, 5.6315, -4.8542, 203.4376, 225.4390, -5.6320, 204.8673, 28.1575, 108.5354, -0.3418, 0.988570, -0.142484, 0.049278, 0.005632, 0.148092, 0.978980, -0.140241, -0.004854, -0.028260, 0.145936, 0.988890, 0.203438, 0.000000, 0.000000, 0.000000, 1.000000, -0.028306, 0.145646, 0.988932, 0.225439, -0.988570, 0.142483, -0.049280, -0.005632, -0.148084, -0.979023, 0.139948, 0.204867, 0.000000, 0.000000, 0.000000, 1.000000, 0.995175, -0.059521, 0.077997, 0.028157, 0.079945, 0.031074, -0.996315, 0.108535, 0.056878, 0.997743, 0.035683, -0.000342, 0.000000, 0.000000, 0.000000, 1.000000
-14.7195, 5.6270, -4.8690, 203.4592, 225.4606, -5.6274, 204.8821, 28.1564, 108.5286, -0.3333, 0.988575, -0.142454, 0.049264, 0.005627, 0.148057, 0.979003, -0.140114, -0.004869, -0.028270, 0.145807, 0.988909, 0.203459, 0.000000, 0.000000, 0.000000, 1.000000, -0.028316, 0.145517, 0.988950, 0.225461, -0.988575, 0.142454, -0.049266, -0.005627, -0.148049, -0.979046, 0.139821, 0.204882, 0.000000, 0.000000, 0.000000, 1.000000, 0.995175, -0.059523, 0.077995, 0.028156, 0.079943, 0.031075, -0.996315, 0.108529, 0.056880, 0.997743, 0.035683, -0.000333, 0.000000, 0.000000, 0.000000, 1.000000
-14.7114, 5.6225, -4.8835, 203.4806, 225.4820, -5.6229, 204.8966, 28.1554, 108.5218, -0.3249, 0.988580, -0.142425, 0.049251, 0.005623, 0.148023, 0.979026, -0.139988, -0.004883, -0.028280, 0.145680, 0.988928, 0.203481, 0.000000, 0.000000, 0.000000, 1.000000, -0.028326, 0.145390, 0.988969, 0.225482, -0.988580, 0.142424, -0.049253, -0.005623, -0.148014, -0.979070, 0.139695, 0.204897, 0.000000, 0.000000, 0.000000, 1.000000, 0.995175, -0.059526, 0.077993, 0.028155, 0.079941, 0.031075, -0.996315, 0.108522, 0.056883, 0.997743, 0.035684, -0.000325, 0.000000, 0.000000, 0.000000, 1.000000
-14.7075, 5.6203, -4.8905, 203.4912, 225.4926, -5.6208, 204.9036, 28.1549, 108.5184, -0.3208, 0.988582, -0.142410, 0.049244, 0.005620, 0.148006, 0.979038, -0.139926, -0.004890, -0.028285, 0.145617, 0.988937, 0.203491, 0.000000, 0.000000, 0.000000, 1.000000, -0.028331, 0.145327, 0.988978, 0.225493, -0.988582, 0.142410, -0.049246, -0.005621, -0.147997, -0.979081, 0.139633, 0.204904, 0.000000, 0.000000, 0.000000, 1.000000, 0.995175, -0.059527, 0.077992, 0.028155, 0.079940, 0.031076, -0.996315, 0.108518, 0.056884, 0.997743, 0.035684, -0.000321, 0.000000, 0.000000, 0.000000, 1.000000
-14.6996, 5.6161, -4.9042, 203.5123, 225.5137, -5.6165, 204.9173, 28.1540, 108.5118, -0.3126, 0.988587, -0.142382, 0.049231, 0.005616, 0.147972, 0.979061, -0.139802, -0.004904, -0.028295, 0.145491, 0.988955, 0.203512, 0.000000, 0.000000, 0.000000, 1.000000, -0.028341, 0.145201, 0.988996, 0.225514, -0.988587, 0.142382, -0.049234, -0.005616, -0.147964, -0.979104, 0.139508, 0.204917, 0.000000, 0.000000, 0.000000, 1.000000, 0.995175, -0.059529, 0.077990, 0.028154, 0.079938, 0.031076, -0.996315, 0.108512, 0.056886, 0.997743, 0.035685, -0.000313, 0.000000, 0.000000, 0.000000, 1.000000
-14.6842, 5.6078, -4.9302, 203.5542, 225.5556, -5.6082, 204.9433, 28.1522, 108.4985, -0.2962, 0.988596, -0.142328, 0.049206, 0.005608, 0.147908, 0.979106, -0.139555, -0.004930, -0.028316, 0.145241, 0.988991, 0.203554, 0.000000, 0.000000, 0.000000, 1.000000, -0.028362, 0.144951, 0.989032, 0.225556, -0.988596, 0.142328, -0.049208, -0.005608, -0.147900, -0.979149, 0.139262, 0.204943, 0.000000, 0.000000, 0.000000, 1.000000, 0.995175, -0.059534, 0.077986, 0.028152, 0.079935, 0.031077, -0.996316, 0.108499, 0.056891, 0.997742, 0.035686, -0.000296, 0.000000, 0.000000, 0.000000, 1.000000
-14.6804, 5.6058, -4.9364, 203.5646, 225.5660, -5.6062, 204.9495, 28.1518, 108.4953, -0.2922, 0.988598, -0.142315, 0.049200, 0.005606, 0.147892, 0.979117, -0.139493, -0.004936, -0.028321, 0.145179, 0.989000, 0.203565, 0.000000, 0.000000, 0.000000, 1.000000, -0.028367, 0.144889, 0.989041, 0.225566, -0.988598, 0.142315, -0.049202, -0.005606, -0.147884, -0.979160, 0.139200, 0.204950, 0.000000, 0.000000, 0.000000, 1.000000, 0.995175, -0.059535, 0.077985, 0.028152, 0.079934, 0.031078, -0.996316, 0.108495, 0.056892, 0.997742, 0.035686, -0.000292, 0.000000, 0.000000, 0.000000, 1.000000
-14.6767, 5.6044, -4.9395, 203.5763, 225.5777, -5.6048, 204.9526, 28.1516, 108.4916, -0.2878, 0.988600, -0.142305, 0.049195, 0.005604, 0.147880, 0.979128, -0.139425, -0.004939, -0.028327, 0.145110, 0.989010, 0.203576, 0.000000, 0.000000, 0.000000, 1.000000, -0.028373, 0.144820, 0.989051, 0.225578, -0.988599, 0.142305, -0.049197, -0.005605, -0.147872, -0.979171, 0.139132, 0.204953, 0.000000, 0.000000, 0.000000, 1.000000, 0.995175, -0.059536, 0.077984, 0.028152, 0.079933, 0.031078, -0.996316, 0.108492, 0.056893, 0.997742, 0.035687, -0.000288, 0.000000, 0.000000, 0.000000, 1.000000
-14.6693, 5.6015, -4.9457, 203.5994, 225.6008, -5.6019, 204.9588, 28.1513, 108.4845, -0.2792, 0.988603, -0.142286, 0.049184, 0.005601, 0.147856, 0.979151, -0.139289, -0.004946, -0.028340, 0.144974, 0.989030, 0.203599, 0.000000, 0.000000, 0.000000, 1.000000, -0.028386, 0.144684, 0.989071, 0.225601, -0.988603, 0.142286, -0.049186, -0.005602, -0.147847, -0.979194, 0.138996, 0.204959, 0.000000, 0.000000, 0.000000, 1.000000, 0.995175, -0.059538, 0.077982, 0.028151, 0.079931, 0.031078, -0.996316, 0.108485, 0.056895, 0.997742, 0.035687, -0.000279, 0.000000, 0.000000, 0.000000, 1.000000
-14.6621, 5.5986, -4.9521, 203.6220, 225.6234, -5.5991, 204.9651, 28.1510, 108.4775, -0.2707, 0.988606, -0.142268, 0.049173, 0.005599, 0.147832, 0.979174, -0.139157, -0.004952, -0.028352, 0.144841, 0.989049, 0.203622, 0.000000, 0.000000, 0.000000, 1.000000, -0.028398, 0.144550, 0.989090, 0.225623, -0.988606, 0.142267, -0.049175, -0.005599, -0.147823, -0.979217, 0.138863, 0.204965, 0.000000, 0.000000, 0.000000, 1.000000, 0.995175, -0.059540, 0.077981, 0.028151, 0.079929, 0.031078, -0.996316, 0.108478, 0.056897, 0.997742, 0.035687, -0.000271, 0.000000, 0.000000, 0.000000, 1.000000
-14.6585, 5.5972, -4.9553, 203.6332, 225.6346, -5.5976, 204.9683, 28.1508, 108.4741, -0.2665, 0.988608, -0.142258, 0.049168, 0.005597, 0.147820, 0.979185, -0.139091, -0.004955, -0.028358, 0.144775, 0.989058, 0.203633, 0.000000, 0.000000, 0.000000, 1.000000, -0.028404, 0.144484, 0.989099, 0.225635, -0.988608, 0.142258, -0.049170, -0.005598, -0.147811, -0.979228, 0.138798, 0.204968, 0.000000, 0.000000, 0.000000, 1.000000, 0.995175, -0.059541, 0.077980, 0.028151, 0.079929, 0.031079, -0.996316, 0.108474, 0.056898, 0.997742, 0.035688, -0.000267, 0.000000, 0.000000, 0.000000, 1.000000
-14.6513, 5.5943, -4.9620, 203.6553, 225.6567, -5.5948, 204.9749, 28.1504, 108.4672, -0.2582, 0.988611, -0.142239, 0.049158, 0.005594, 0.147796, 0.979207, -0.138962, -0.004962, -0.028370, 0.144644, 0.989077, 0.203655, 0.000000, 0.000000, 0.000000, 1.000000, -0.028416, 0.144354, 0.989118, 0.225657, -0.988611, 0.142239, -0.049160, -0.005595, -0.147787, -0.979250, 0.138668, 0.204975, 0.000000, 0.000000, 0.000000, 1.000000, 0.995175, -0.059543, 0.077978, 0.028150, 0.079927, 0.031079, -0.996316, 0.108467, 0.056901, 0.997742, 0.035688, -0.000258, 0.000000, 0.000000, 0.000000, 1.000000
-14.6478, 5.5929, -4.9655, 203.6662, 225.6676, -5.5933, 204.9784, 28.1502, 108.4638, -0.2541, 0.988613, -0.142229, 0.049152, 0.005593, 0.147784, 0.979218, -0.138898, -0.004965, -0.028375, 0.144580, 0.989086, 0.203666, 0.000000, 0.000000, 0.000000, 1.000000, -0.028421, 0.144289, 0.989127, 0.225668, -0.988613, 0.142229, -0.049154, -0.005593, -0.147775, -0.979261, 0.138604, 0.204978, 0.000000, 0.000000, 0.000000, 1.000000, 0.995175, -0.059544, 0.077977, 0.028150, 0.079926, 0.031079, -0.996316, 0.108464, 0.056902, 0.997742, 0.035688, -0.000254, 0.000000, 0.000000, 0.000000, 1.000000
-14.6372, 5.5885, -4.9763, 203.6984, 225.6999, -5.5890, 204.9892, 28.1496, 108.4538, -0.2420, 0.988618, -0.142200, 0.049137, 0.005589, 0.147747, 0.979250, -0.138708, -0.004976, -0.028393, 0.144389, 0.989114, 0.203698, 0.000000, 0.000000, 0.000000, 1.000000, -0.028439, 0.144098, 0.989155, 0.225700, -0.988618, 0.142200, -0.049139, -0.005589, -0.147739, -0.979293, 0.138414, 0.204989, 0.000000, 0.000000, 0.000000, 1.000000, 0.995175, -0.059548, 0.077975, 0.028150, 0.079924, 0.031080, -0.996316, 0.108454, 0.056905, 0.997742, 0.035689, -0.000242, 0.000000, 0.000000, 0.000000, 1.000000
-14.6267, 5.5841, -4.9878, 203.7299, 225.7314, -5.5845, 205.0007, 28.1489, 108.4440, -0.2301, 0.988623, -0.142170, 0.049121, 0.005584, 0.147710, 0.979282, -0.138523, -0.004988, -0.028409, 0.144203, 0.989140, 0.203730, 0.000000, 0.000000, 0.000000, 1.000000, -0.028455, 0.143912, 0.989181, 0.225731, -0.988623, 0.142170, -0.049123, -0.005585, -0.147701, -0.979325, 0.138229, 0.205001, 0.000000, 0.000000, 0.000000, 1.000000, 0.995175, -0.059551, 0.077972, 0.028149, 0.079921, 0.031080, -0.996317, 0.108444, 0.056908, 0.997741, 0.035690, -0.000230, 0.000000, 0.000000, 0.000000, 1.000000
-14.6232, 5.5826, -4.9918, 203.7403, 225.7417, -5.5830, 205.0047, 28.1487, 108.4408, -0.2262, 0.988624, -0.142160, 0.049116, 0.005583, 0.147697, 0.979292, -0.138462, -0.004992, -0.028415, 0.144142, 0.989149, 0.203740, 0.000000, 0.000000, 0.000000, 1.000000, -0.028461, 0.143850, 0.989190, 0.225742, -0.988624, 0.142160, -0.049118, -0.005583, -0.147689, -0.979335, 0.138168, 0.205005, 0.000000, 0.000000, 0.000000, 1.000000, 0.995175, -0.059552, 0.077971, 0.028149, 0.079920, 0.031080, -0.996317, 0.108441, 0.056909, 0.997741, 0.035690, -0.000226, 0.000000, 0.000000, 0.000000, 1.000000
-14.6163, 5.5796, -5.0001, 203.7607, 225.7622, -5.5800, 205.0129, 28.1482, 108.4344, -0.2184, 0.988628, -0.142140, 0.049105, 0.005580, 0.147672, 0.979313, -0.138342, -0.005000, -0.028426, 0.144020, 0.989166, 0.203761, 0.000000, 0.000000, 0.000000, 1.000000, -0.028472, 0.143729, 0.989207, 0.225762, -0.988628, 0.142140, -0.049107, -0.005580, -0.147664, -0.979356, 0.138048, 0.205013, 0.000000, 0.000000, 0.000000, 1.000000, 0.995175, -0.059554, 0.077969, 0.028148, 0.079919, 0.031081, -0.996317, 0.108434, 0.056911, 0.997741, 0.035690, -0.000218, 0.000000, 0.000000, 0.000000, 1.000000
-14.6128, 5.5781, -5.0044, 203.7709, 225.7723, -5.5785, 205.0172, 28.1479, 108.4312, -0.2145, 0.988630, -0.142130, 0.049100, 0.005578, 0.147660, 0.979324, -0.138282, -0.005004, -0.028431, 0.143960, 0.989175, 0.203771, 0.000000, 0.000000, 0.000000, 1.000000, -0.028477, 0.143669, 0.989216, 0.225772, -0.988629, 0.142129, -0.049102, -0.005578, -0.147651, -0.979366, 0.137988, 0.205017, 0.000000, 0.000000, 0.000000, 1.000000, 0.995175, -0.059555, 0.077969, 0.028148, 0.079918, 0.031081, -0.996317, 0.108431, 0.056912, 0.997741, 0.035691, -0.000215, 0.000000, 0.000000, 0.000000, 1.000000
-14.6059, 5.5750, -5.0132, 203.7911, 225.7925, -5.5754, 205.0260, 28.1474, 108.4249, -0.2068, 0.988633, -0.142109, 0.049090, 0.005575, 0.147634, 0.979344, -0.138163, -0.005013, -0.028442, 0.143840, 0.989192, 0.203791, 0.000000, 0.000000, 0.000000, 1.000000, -0.028488, 0.143549, 0.989233, 0.225793, -0.988633, 0.142108, -0.049092, -0.005575, -0.147625, -0.979387, 0.137869, 0.205026, 0.000000, 0.000000, 0.000000, 1.000000, 0.995175, -0.059557, 0.077967, 0.028147, 0.079916, 0.031081, -0.996317, 0.108425, 0.056914, 0.997741, 0.035691, -0.000207, 0.000000, 0.000000, 0.000000, 1.000000
-14.5990, 5.5718, -5.0224, 203.8111, 225.8126, -5.5722, 205.0352, 28.1468, 108.4186, -0.1992, 0.988637, -0.142087, 0.049079, 0.005572, 0.147608, 0.979365, -0.138045, -0.005022, -0.028452, 0.143721, 0.989209, 0.203811, 0.000000, 0.000000, 0.000000, 1.000000, -0.028498, 0.143430, 0.989250, 0.225813, -0.988637, 0.142087, -0.049081, -0.005572, -0.147599, -0.979408, 0.137751, 0.205035, 0.000000, 0.000000, 0.000000, 1.000000, 0.995175, -0.059559, 0.077965, 0.028147, 0.079915, 0.031082, -0.996317, 0.108419, 0.056916, 0.997741, 0.035691, -0.000199, 0.000000, 0.000000, 0.000000, 1.000000
-14.5955, 5.5702, -5.0272, 203.8211, 225.8226, -5.5706, 205.0399, 28.1465, 108.4155, -0.1953, 0.988638, -0.142076, 0.049074, 0.005570, 0.147595, 0.979375, -0.137987, -0.005027, -0.028457, 0.143662, 0.989218, 0.203821, 0.000000, 0.000000, 0.000000, 1.000000, -0.028503, 0.143371, 0.989259, 0.225823, -0.988638, 0.142076, -0.049076, -0.005571, -0.147586, -0.979418, 0.137692, 0.205040, 0.000000, 0.000000, 0.000000, 1.000000, 0.995175, -0.059560, 0.077964, 0.028147, 0.079914, 0.031082, -0.996317, 0.108415, 0.056917, 0.997741, 0.035692, -0.000195, 0.000000, 0.000000, 0.000000, 1.000000
-14.5885, 5.5669, -5.0369, 203.8409, 225.8424, -5.5674, 205.0496, 28.1459, 108.4092, -0.1877, 0.988642, -0.142054, 0.049063, 0.005567, 0.147568, 0.979396, -0.137869, -0.005037, -0.028467, 0.143544, 0.989234, 0.203841, 0.000000, 0.000000, 0.000000, 1.000000, -0.028513, 0.143252, 0.989275, 0.225842, -0.988642, 0.142054, -0.049065, -0.005567, -0.147559, -0.979438, 0.137575, 0.205050, 0.000000, 0.000000, 0.000000, 1.000000, 0.995175, -0.059562, 0.077963, 0.028146, 0.079912, 0.031082, -0.996317, 0.108409, 0.056920, 0.997741, 0.035692, -0.000188, 0.000000, 0.000000, 0.000000, 1.000000
