camera_matrix:
- - 660.3380121560385
  - 0.0
  - 636.7958197885148
- - 0.0
  - 660.7693165296434
  - 350.648089768005
- - 0.0
  - 0.0
  - 1.0
dist_coeffs:
- -0.045044269192047674
- 0.061460286837667806
- -0.001322085412107717
- 0.000333461524856833
- -0.022429636330781776
height: 720
rms_error: 0.20294680357701403
width: 1280
